0 0
0.1 90.8675342707
0.2 95.3960979221
0.3 101.29170112
0.4 105.923662625
0.5 109.283615707
0.6 111.651385468
0.7 113.304757216
0.8 114.4665744
0.9 115.300690145
1 115.921044267
1.1 116.403742771
1.2 116.797750454
1.3 117.133312199
1.4 117.428393564
1.5 117.693132201
1.6 117.932955837
1.7 118.150668504
1.8 118.347762882
1.9 118.525192309
2 118.683808936
2.1 118.824588715
2.2 118.948659953
2.3 119.057271808
2.4 119.151784836
2.5 119.233615608
2.6 119.304164566
2.7 119.364759982
2.8 119.416656146
2.9 119.461014381
3 119.498870616
3.1 119.531138533
3.2 119.558608081
3.3 119.581974704
3.4 119.601846589
3.5 119.618743213
3.6 119.633108716
3.7 119.645320954
3.8 119.655698942
3.9 119.664517741
4 119.672012086
4.1 119.678381734
4.2 119.683795053
4.3 119.688395367
4.4 119.692303696
4.5 119.695623303
4.6 119.69844204
4.7 119.700834727
4.8 119.702864724
4.9 119.704585296
5 119.706042323
5.1 119.707275094
5.2 119.708317065
5.3 119.709196849
5.4 119.709938891
5.5 119.710564095
5.6 119.711090311
5.7 119.711532824
5.8 119.711904734
5.9 119.712217081
6 119.71247925
6.1 119.712699197
6.2 119.712883652
6.3 119.713038229
6.4 119.713167641
6.5 119.71327585
6.6 119.713366187
6.7 119.713441454
6.8 119.71350401
6.9 119.713555823
7 119.713598599
7.1 119.713633775
7.2 119.713662582
7.3 119.713686097
7.4 119.713705225
7.5 119.713720732
7.6 119.713733266
7.7 119.713743373
7.8 119.713751505
7.9 119.713757953
8 119.713763048
8.1 119.713767098
8.2 119.713770303
8.3 119.713772833
8.4 119.713774835
8.5 119.713776454
8.6 119.713777711
8.7 119.713778695
8.8 119.713779463
8.9 119.713780059
9 119.713780518
9.1 119.713780867
9.2 119.713781128
9.3 119.713781319
9.4 119.71378145
9.5 119.71378153
9.6 119.713781617
9.7 119.713781737
9.8 119.713781815
9.9 119.713781914
10 119.713781971
