5 108.105231086
5.1 111.82254834
5.2 109.487514384
5.3 108.52298484
5.4 108.150905588
5.5 108.056984716
5.6 108.101960953
5.7 108.213197101
5.8 108.347319483
5.9 108.480864578
6 108.603508116
6.1 108.712092007
6.2 108.807062488
6.3 108.89043523
6.4 108.964581905
6.5 109.031563903
6.6 109.092974006
6.7 109.149882365
6.8 109.202891614
6.9 109.252346358
7 109.29846034
7.1 109.341398777
7.2 109.381260326
7.3 109.418183627
7.4 109.452376828
7.5 109.484058817
7.6 109.513436709
7.7 109.540687308
7.8 109.565958933
7.9 109.589429015
8 109.611275293
8.1 109.631653954
8.2 109.650685327
8.3 109.668453846
8.4 109.685044698
8.5 109.700521767
8.6 109.714940499
8.7 109.728254333
8.8 109.740365047
8.9 109.751197888
9 109.760726316
9.1 109.768976048
9.2 109.775984981
9.3 109.781787344
9.4 109.78642505
9.5 109.789946559
9.6 109.792403197
9.7 109.793808471
9.8 109.794216118
9.9 109.793681889
10 109.7922687
10.1 109.790014379
10.2 109.787010757
10.3 109.783350505
10.4 109.779138988
10.5 109.774436536
10.6 109.769324184
10.7 109.76390188
10.8 109.758227529
10.9 109.752343823
11 109.746351939
11.1 109.740290822
11.2 109.734243287
11.3 109.728327183
11.4 109.722541119
11.5 109.716957478
11.6 109.711695333
11.7 109.706691968
11.8 109.701989047
11.9 109.697706209
12 109.693730681
12.1 109.690089366
12.2 109.686916882
12.3 109.684028477
12.4 109.681450757
12.5 109.679352308
12.6 109.677453947
12.7 109.675803361
12.8 109.674635439
12.9 109.67354643
13 109.672627472
13.1 109.672220411
13.2 109.671740216
13.3 109.671344957
13.4 109.671540673
13.5 109.671461909
13.6 109.671378001
13.7 109.672031174
13.8 109.672120351
13.9 109.672116078
14 109.673089977
14.1 109.673069817
14.2 109.673001236
14.3 109.674366982
14.4 109.674184915
14.5 109.674361521
14.6 109.675545053
14.7 109.672329392
14.8 109.667645258
14.9 109.660939215
15 109.645822037
15.1 109.627061316
15.2 109.60301198
15.3 109.567254642
15.4 109.529502785
15.5 109.484036687
15.6 109.42887754
15.7 109.375896127
15.8 109.314266898
15.9 109.247079483
16 109.182034794
16.1 109.107180383
16.2 109.019772856
16.3 108.937279158
16.4 108.828025438
16.5 108.714514297
16.6 108.60039859
16.7 108.446468429
16.8 108.306236114
16.9 108.162254441
17 107.977556883
17.1 107.798451589
17.2 107.645888118
17.3 107.49155177
17.4 107.275513879
17.5 107.125222304
17.6 107.055420697
17.7 106.897565466
17.8 106.808652561
17.9 106.803707804
18 106.761749779
18.1 106.806612706
18.2 106.842062917
18.3 106.923148546
18.4 107.016300787
18.5 107.135274997
18.6 107.231283352
18.7 107.370737151
18.8 107.458074488
18.9 107.56689562
19 107.643144329
19.1 107.699815879
19.2 107.748342565
19.3 107.731277438
19.4 107.730663055
19.5 107.70369918
19.6 107.594925257
19.7 107.550970251
19.8 107.483588542
19.9 107.328226667
20 107.281333645
