5 108.105231086
5.1 170.67256575
5.2 152.794403201
5.3 143.189246878
5.4 137.238892461
5.5 133.062732697
5.6 129.836107623
5.7 127.157930595
5.8 124.849438531
5.9 122.829553272
6 121.056616545
6.1 119.505557025
6.2 118.155363818
6.3 116.985384581
6.4 115.975696628
6.5 115.107183269
6.6 114.361520559
6.7 113.721920247
6.8 113.173462236
6.9 112.7032813
7 112.300427876
7.1 111.955472786
7.2 111.660318614
7.3 111.407977698
7.4 111.192362156
7.5 111.008215236
7.6 110.850973467
7.7 110.716717858
7.8 110.602105009
7.9 110.504265462
8 110.42072352
8.1 110.349350674
8.2 110.288353495
8.3 110.236195146
8.4 110.191563323
8.5 110.153351331
8.6 110.120621109
8.7 110.092571262
8.8 110.06851873
8.9 110.047893857
9 110.030207557
9.1 110.015038381
9.2 110.002023513
9.3 109.99085256
9.4 109.98126146
9.5 109.973024589
9.6 109.965948584
9.7 109.959866002
9.8 109.954634693
9.9 109.95013381
10 109.946259383
10.1 109.94292218
10.2 109.940046009
10.3 109.937565714
10.4 109.935425808
10.5 109.933578824
10.6 109.931984063
10.7 109.930607609
10.8 109.92941962
10.9 109.928393977
11 109.927507851
11.1 109.926741785
11.2 109.926079212
11.3 109.92550589
11.4 109.925009703
11.5 109.924579945
11.6 109.924207453
11.7 109.923884428
11.8 109.923604169
11.9 109.92336092
12 109.923149724
12.1 109.922966306
12.2 109.922806918
12.3 109.922668319
12.4 109.922547864
12.5 109.922443177
12.6 109.922352067
12.7 109.92227285
12.8 109.922204005
12.9 109.922144139
13 109.922092041
13.1 109.922046727
13.2 109.922007276
13.3 109.921972943
13.4 109.921943059
13.5 109.92191701
13.6 109.921894344
13.7 109.921874625
13.8 109.921857472
13.9 109.92184256
14 109.921829584
14.1 109.921818272
14.2 109.921808402
14.3 109.921799785
14.4 109.921792218
14.5 109.921785629
14.6 109.921779882
14.7 109.921774864
14.8 109.921770476
14.9 109.921766636
15 109.921763272
15.1 109.921760322
15.2 109.921757731
15.3 109.921755453
15.4 109.921753448
15.5 109.921751681
15.6 109.921750122
15.7 109.921748744
15.8 109.921747526
15.9 109.921746447
16 109.921745492
16.1 109.921744645
16.2 109.921743894
16.3 109.921743228
16.4 109.921742637
16.5 109.921742112
16.6 109.921741646
16.7 109.921741234
16.8 109.921740893
16.9 109.921740627
17 109.92174035
17.1 109.921740076
17.2 109.92173982
17.3 109.921739597
17.4 109.921739422
17.5 109.921739222
17.6 109.921739055
17.7 109.92173888
17.8 109.921738727
17.9 109.921738603
18 109.921738488
18.1 109.921738394
18.2 109.921738372
18.3 109.921738379
18.4 109.921738385
18.5 109.921738386
18.6 109.921738378
18.7 109.921738374
18.8 109.921738374
18.9 109.921738386
19 109.92173839
19.1 109.921738391
19.2 109.921738392
19.3 109.921738392
19.4 109.921738392
19.5 109.921738392
19.6 109.921738392
19.7 109.921738392
19.8 109.921738392
19.9 109.921738392
20 109.921738392
