5 119.044379037
5.1 119.136908686
5.2 119.223570496
5.3 119.304728313
5.4 119.38072428
5.5 119.451866268
5.6 119.518439103
5.7 119.580716031
5.8 119.638944702
5.9 119.69336577
6 119.744231614
6.1 119.791795704
6.2 119.836304605
6.3 119.877979301
6.4 119.917019378
6.5 119.953599409
6.6 119.987877902
6.7 120.019997692
6.8 120.050097099
6.9 120.078304394
7 120.104736743
7.1 120.129504603
7.2 120.152707823
7.3 120.17444264
7.4 120.194795464
7.5 120.213844581
7.6 120.231655212
7.7 120.248290239
7.8 120.263779817
7.9 120.278171919
8 120.291555052
8.1 120.304018301
8.2 120.315634708
8.3 120.326462318
8.4 120.336550304
8.5 120.345885693
8.6 120.354410816
8.7 120.362087826
8.8 120.368935461
8.9 120.374999606
9 120.380325738
9.1 120.384964614
9.2 120.388961788
9.3 120.392362499
9.4 120.395208145
9.5 120.397542265
9.6 120.399407354
9.7 120.400842193
9.8 120.401886183
9.9 120.402576001
10 120.402945078
10.1 120.403029234
10.2 120.402858546
10.3 120.402462456
10.4 120.401870521
10.5 120.401109235
10.6 120.400205626
10.7 120.399183129
10.8 120.398061332
10.9 120.396858125
11 120.3955901
11.1 120.394273818
11.2 120.392924254
11.3 120.391554949
11.4 120.390175886
11.5 120.38879795
11.6 120.387427592
11.7 120.386073392
11.8 120.384744283
11.9 120.383447523
12 120.382190994
12.1 120.380982469
12.2 120.379827547
12.3 120.378730205
12.4 120.377694441
12.5 120.376724088
12.6 120.375822492
12.7 120.37499238
12.8 120.374235872
12.9 120.373554508
13 120.372949417
13.1 120.372421374
13.2 120.371971327
13.3 120.371598458
13.4 120.371301138
13.5 120.37107746
13.6 120.370925501
13.7 120.370842792
13.8 120.370826756
13.9 120.370874488
14 120.37098243
14.1 120.371146882
14.2 120.371363871
14.3 120.371629166
14.4 120.371938267
14.5 120.372286762
14.6 120.372670267
14.7 120.373084361
14.8 120.373524626
14.9 120.373986697
15 120.374466274
15.1 120.374959174
15.2 120.375461365
15.3 120.375969003
15.4 120.37647844
15.5 120.376986245
15.6 120.37748921
15.7 120.377984359
15.8 120.378468999
15.9 120.378940694
16 120.379397361
16.1 120.37983709
16.2 120.380258187
16.3 120.380659298
16.4 120.381039284
16.5 120.381397236
16.6 120.381732454
16.7 120.382044409
16.8 120.382332778
16.9 120.382597424
17 120.382838384
17.1 120.383055845
17.2 120.383250139
17.3 120.383421717
17.4 120.383571013
17.5 120.383698716
17.6 120.383805672
17.7 120.383892683
17.8 120.383960658
17.9 120.384010558
18 120.384043388
18.1 120.384060172
18.2 120.384061971
18.3 120.384049861
18.4 120.384024935
18.5 120.383988292
18.6 120.383941028
18.7 120.383884224
18.8 120.383818943
18.9 120.383746225
19 120.383667086
19.1 120.383582512
19.2 120.383493449
19.3 120.383400806
19.4 120.383305445
19.5 120.383208179
19.6 120.383109775
19.7 120.383010944
19.8 120.38291235
19.9 120.382814605
20 120.382718271
