5 119.044379037
5.1 152.956930426
5.2 146.190067048
5.3 141.490505247
5.4 137.915010321
5.5 135.099706232
5.6 132.825914798
5.7 130.950340183
5.8 129.37674184
5.9 128.039548714
6 126.893116685
6.1 125.904734279
6.2 125.050016387
6.3 124.309951329
6.4 123.669113258
6.5 123.114565999
6.6 122.635220136
6.7 122.221392721
6.8 121.864607287
6.9 121.557400862
7 121.29317857
7.1 121.066153163
7.2 120.87124889
7.3 120.704043339
7.4 120.560695923
7.5 120.437862464
7.6 120.332660013
7.7 120.242602213
7.8 120.165527034
7.9 120.099575359
8 120.043143507
8.1 119.99485749
8.2 119.953537806
8.3 119.918181598
8.4 119.887934525
8.5 119.862068705
8.6 119.83996008
8.7 119.821072622
8.8 119.804945743
8.9 119.791183295
9 119.779441953
9.1 119.769430066
9.2 119.760897528
9.3 119.75362909
9.4 119.747439631
9.5 119.742171387
9.6 119.73768929
9.7 119.733877321
9.8 119.73063617
9.9 119.727881008
10 119.725539408
10.1 119.723549957
10.2 119.721859979
10.3 119.720424914
10.4 119.719206947
10.5 119.718173851
10.6 119.717298253
10.7 119.716556683
10.8 119.715929128
10.9 119.715398471
11 119.714950056
11.1 119.714571417
11.2 119.714251828
11.3 119.713982187
11.4 119.713754785
11.5 119.713563146
11.6 119.713401722
11.7 119.713265901
11.8 119.713151781
11.9 119.713056049
12 119.712975889
12.1 119.712908906
12.2 119.712853065
12.3 119.712806624
12.4 119.712768105
12.5 119.712736243
12.6 119.712709964
12.7 119.712688345
12.8 119.712670703
12.9 119.7126563
13 119.712644573
13.1 119.712635067
13.2 119.712627395
13.3 119.712621214
13.4 119.712616257
13.5 119.712612312
13.6 119.712609192
13.7 119.712606743
13.8 119.71260486
13.9 119.712603414
14 119.712602318
14.1 119.7126015
14.2 119.712600899
14.3 119.712600493
14.4 119.712600226
14.5 119.712600039
14.6 119.712599916
14.7 119.712599841
14.8 119.7125998
14.9 119.712599779
15 119.71259976
15.1 119.712599753
15.2 119.712599751
15.3 119.712599746
15.4 119.712599738
15.5 119.712599724
15.6 119.712599704
15.7 119.712599678
15.8 119.712599645
15.9 119.712599607
16 119.712599562
16.1 119.712599513
16.2 119.712599459
16.3 119.712599402
16.4 119.712599342
16.5 119.712599281
16.6 119.71259922
16.7 119.712599161
16.8 119.712599113
16.9 119.712599052
17 119.712598978
17.1 119.712598892
17.2 119.712598799
17.3 119.712598687
17.4 119.712598581
17.5 119.71259851
17.6 119.71259841
17.7 119.712598327
17.8 119.712598249
17.9 119.712598212
18 119.712598211
18.1 119.712598211
18.2 119.712598211
18.3 119.712598211
18.4 119.712598211
18.5 119.712598211
18.6 119.712598211
18.7 119.712598211
18.8 119.712598211
18.9 119.712598211
19 119.712598211
19.1 119.712598211
19.2 119.712598211
19.3 119.712598211
19.4 119.712598211
19.5 119.712598211
19.6 119.712598211
19.7 119.712598211
19.8 119.712598211
19.9 119.712598211
20 119.712598211
