0 0
0.2 132.459680788
0.4 132.297647848
0.6 132.338814467
0.8 132.357626961
1 132.36487821
1.2 132.367618274
1.4 132.368653523
1.6 132.369045848
1.8 132.369194997
2 132.369251845
2.2 132.369273555
2.4 132.369281858
2.6 132.369285036
2.8 132.369286253
3 132.36928672
3.2 132.369286899
3.4 132.369286967
3.6 132.369286994
3.8 132.369287004
4 132.369287007
4.2 132.369287009
4.4 132.36928701
4.6 132.36928701
4.8 132.36928701
5 132.36928701
5.2 132.36928701
5.4 132.36928701
5.6 132.36928701
5.8 132.36928701
6 132.36928701
6.2 132.36928701
6.4 132.36928701
6.6 132.36928701
6.8 132.36928701
7 132.36928701
7.2 132.36928701
7.4 132.36928701
7.6 132.36928701
7.8 132.36928701
8 132.36928701
8.2 132.36928701
8.4 132.36928701
8.6 132.36928701
8.8 132.36928701
9 132.36928701
9.2 132.36928701
9.4 132.36928701
9.6 132.36928701
9.8 132.36928701
10 132.36928701
