0 0
0.2 122.817523995
0.4 129.731872356
0.6 130.401709598
0.8 130.428494971
1 130.429053837
1.2 130.428260503
1.4 130.427923562
1.6 130.427827504
1.8 130.427805998
2 130.427803333
2.2 130.427803715
2.4 130.427804063
2.6 130.427804187
2.8 130.427804217
3 130.427804224
3.2 130.427804221
3.4 130.427804221
3.6 130.427804221
3.8 130.427804221
4 130.427804221
4.2 130.427804221
4.4 130.427804221
4.6 130.427804221
4.8 130.427804221
5 130.427804221
5.2 130.427804221
5.4 130.427804221
5.6 130.427804221
5.8 130.427804221
6 130.427804221
