0 0
0.1 86.8261791173
0.2 87.9403515532
0.3 91.5506752985
0.4 94.8306402191
0.5 97.5054158069
0.6 99.6203558612
0.7 101.280226375
0.8 102.592834348
0.9 103.652331272
1 104.534653208
1.1 105.298008488
1.2 105.984986031
1.3 106.625358977
1.4 107.23875959
1.5 107.836984942
1.6 108.426124578
1.7 109.008205741
1.8 109.58264306
1.9 110.147416178
2 110.699846474
2.1 111.237157594
2.2 111.756953867
2.3 112.257212005
2.4 112.73645945
2.5 113.193898575
2.6 113.629220057
2.7 114.042376255
2.8 114.433659467
2.9 114.803611472
3 115.152960438
3.1 115.482433479
3.2 115.7928643
3.3 116.08511529
3.4 116.360082069
3.5 116.618664846
3.6 116.861734662
3.7 117.090149488
3.8 117.304673009
3.9 117.506047018
4 117.695051315
4.1 117.872395315
4.2 118.038757527
4.3 118.194793147
4.4 118.34114163
4.5 118.478335553
4.6 118.606890756
4.7 118.727301729
4.8 118.840038241
4.9 118.945571602
5 119.044379037
5.1 119.136908864
5.2 119.223570802
5.3 119.304728693
5.4 119.38072471
5.5 119.451866735
5.6 119.518439595
5.7 119.580716537
5.8 119.638945215
5.9 119.693366282
6 119.744232117
6.1 119.79179619
6.2 119.836305065
6.3 119.877979732
6.4 119.917019781
6.5 119.953599744
6.6 119.987878146
6.7 120.019997884
6.8 120.050097282
6.9 120.078304554
7 120.104736876
7.1 120.129504723
7.2 120.152707921
7.3 120.1744427
7.4 120.194795483
7.5 120.213844519
7.6 120.231655054
7.7 120.248290103
7.8 120.263779746
7.9 120.27817192
8 120.291555159
8.1 120.304018545
8.2 120.315635074
8.3 120.326462887
8.4 120.336550918
8.5 120.345886372
8.6 120.35441158
8.7 120.362088654
8.8 120.368936345
8.9 120.375000539
9 120.380326715
9.1 120.384965633
9.2 120.388962846
9.3 120.392363595
9.4 120.395209044
9.5 120.397542928
9.6 120.399407885
9.7 120.400842635
9.8 120.401886562
9.9 120.402576336
10 120.402945392
10.1 120.403029559
10.2 120.402858928
10.3 120.402462802
10.4 120.401870856
10.5 120.401109579
10.6 120.400205986
10.7 120.39918341
10.8 120.398061641
10.9 120.396858491
11 120.395590544
11.1 120.394274412
11.2 120.392925004
11.3 120.391555726
11.4 120.390176578
11.5 120.38879865
11.6 120.387428294
11.7 120.386074121
11.8 120.384745046
11.9 120.383448304
12 120.382191791
12.1 120.380983382
12.2 120.379828588
12.3 120.378731231
12.4 120.377695391
12.5 120.376724964
12.6 120.375823302
12.7 120.374993116
12.8 120.374236538
12.9 120.373555131
13 120.372949929
13.1 120.372421791
13.2 120.371971612
13.3 120.371598645
13.4 120.371301183
13.5 120.371077409
13.6 120.370925378
13.7 120.370842617
13.8 120.370826546
13.9 120.370874258
14 120.370982195
14.1 120.371146637
14.2 120.371363604
14.3 120.371628888
14.4 120.371937986
14.5 120.372286485
14.6 120.372669998
14.7 120.373084104
14.8 120.373524384
14.9 120.373986472
15 120.374466068
15.1 120.374958988
15.2 120.3754612
15.3 120.375968863
15.4 120.37647832
15.5 120.37698615
15.6 120.377489143
15.7 120.377984321
15.8 120.378468992
15.9 120.378940732
16 120.379397373
16.1 120.379837118
16.2 120.380258269
16.3 120.380659429
16.4 120.381039479
16.5 120.381397516
16.6 120.381732717
16.7 120.382044572
16.8 120.382332885
16.9 120.382597489
17 120.38283843
17.1 120.383055864
17.2 120.383250072
17.3 120.383421601
17.4 120.383570939
17.5 120.383698728
17.6 120.383805707
17.7 120.383892721
17.8 120.383960681
17.9 120.384010551
18 120.384043334
18.1 120.384060071
18.2 120.384061827
18.3 120.384049683
18.4 120.384024731
18.5 120.383988069
18.6 120.38394079
18.7 120.383883973
18.8 120.38381868
18.9 120.383745953
19 120.383666806
19.1 120.383582224
19.2 120.383493155
19.3 120.383400507
19.4 120.383305142
19.5 120.383207876
19.6 120.383109471
19.7 120.383010642
19.8 120.382912051
19.9 120.382814311
20 120.382717983
