# Probe 0 (0 0 0.5)
# Probe 1 (1 0 0.5)
# Probe 2 (0 0.9 0.5)
# Probe 3 (0 -0.9 0.5)
# Probe 4 (0 0.95 0.5)
# Probe 5 (0 -0.95 0.5)
# Time              0                   1                   2                   3                   4                   5                  
0                   (0 0 0 0 0 0)       (0 0 0 0 0 0)       (0 0 0 0 0 0)       (0 0 0 0 0 0)       (0 0 0 0 0 0)       (0 0 0 0 0 0)      
0.0002              (1.11813907888e-11 0 0 -1.12348789338e-11 0 0) (1.32674284448e-12 0 0 -1.28233386798e-12 0 0) (8.55085960638e-11 0 0 -8.62793385226e-11 0 0) (8.55085960638e-11 0 0 -8.62793385226e-11 0 0) (2.24524482355e-10 0 0 -2.30791674491e-10 0 0) (2.24524482355e-10 0 0 -2.30791674491e-10 0 0)
0.0004              (2.51500863158e-11 -2.2436754384e-17 0 -2.51656788008e-11 0 0) (2.38347911186e-12 1.28180714986e-17 0 -2.35446524721e-12 0 0) (8.55650448073e-11 1.55826410911e-11 0 -8.57181077463e-11 0 0) (8.55650448073e-11 -1.55831653637e-11 0 -8.5718699866e-11 0 0) (2.06171140549e-10 5.07682555796e-11 0 -2.08574356984e-10 0 0) (2.06171337922e-10 -5.07693473003e-11 0 -2.08575541223e-10 0 0)
0.0006              (7.28954598728e-11 -6.9965291244e-17 0 -7.30531610826e-11 0 0) (7.20471497351e-12 3.04600957765e-17 0 -7.05737585815e-12 0 0) (3.25740039973e-10 3.45840776317e-10 0 -3.28090755128e-10 0 0) (3.25741026839e-10 -3.4584260202e-10 0 -3.28091939368e-10 0 0) (8.14556157582e-10 1.02742562741e-09 0 -8.35825491472e-10 0 0) (8.14556947075e-10 -1.0274288594e-09 0 -8.35827169144e-10 0 0)
0.0008              (1.84820094142e-10 -1.89527999908e-16 0 -1.85127897693e-10 0 0) (1.77704986615e-11 9.07674111687e-17 0 -1.74560831079e-11 0 0) (7.34355125016e-10 9.41123541627e-10 0 -7.38755363781e-10 0 0) (7.34357296122e-10 -9.41128007196e-10 0 -7.38758817812e-10 0 0) (1.81255099408e-09 2.80024008611e-09 0 -1.8528923057e-09 0 0) (1.81255296781e-09 -2.80024867185e-09 0 -1.8528974374e-09 0 0)
0.001               (3.89597977069e-10 -7.28330848668e-16 0 -3.90040586534e-10 0 0) (3.56035646365e-11 2.4641838012e-16 0 -3.5103815621e-11 0 0) (1.2646269235e-09 1.78304137723e-09 0 -1.27107412002e-09 0 0) (1.26464034488e-09 -1.78305405846e-09 0 -1.27108892301e-09 0 0) (3.03095291e-09 5.31312271196e-09 0 -3.09585889894e-09 0 0) (3.03096218654e-09 -5.31315419299e-09 0 -3.09587133346e-09 0 0)
0.0012              (7.15420124304e-10 -1.81570877752e-15 0 -7.15981453767e-10 0 0) (6.21621063135e-11 5.44586773413e-16 0 -6.14668591148e-11 0 0) (1.87589990562e-09 2.85966857321e-09 0 -1.8846247892e-09 0 0) (1.87593938026e-09 -2.85969743904e-09 0 -1.88466367173e-09 0 0) (4.32812174461e-09 8.52487401452e-09 0 -4.42071386848e-09 0 0) (4.32814404778e-09 -8.52494642582e-09 0 -4.42073854014e-09 0 0)
0.0014              (1.1903912994e-09 -3.52888634736e-15 0 -1.19106671059e-09 0 0) (9.89007643892e-11 1.0318071335e-15 0 -9.80021240782e-11 0 0) (2.52885475833e-09 4.15999229552e-09 0 -2.54027842476e-09 0 0) (2.52893785246e-09 -4.16004834952e-09 0 -2.54035490688e-09 0 0) (5.57516310816e-09 1.24029328388e-08 0 -5.69844755862e-09 0 0) (5.57520514866e-09 -1.24030667565e-08 0 -5.69849186891e-09 0 0)
0.0016              (1.84266876719e-09 -5.98497937384e-15 0 -1.84345934566e-09 0 0) (1.47258587075e-10 1.75468854184e-15 0 -1.46148263976e-10 0 0) (3.18427717115e-09 5.67241923545e-09 0 -3.19901522752e-09 0 0) (3.18442066148e-09 -5.67251567694e-09 0 -3.19914677678e-09 0 0) (6.65546652856e-09 1.69138569557e-08 0 -6.81266354852e-09 0 0) (6.65553659606e-09 -1.69140763607e-08 0 -6.81273489894e-09 0 0)
0.0018              (2.70051104497e-09 -9.31632892065e-15 0 -2.70141797496e-09 0 0) (2.08647385078e-10 2.76042660385e-15 0 -2.07313043364e-10 0 0) (3.80268736659e-09 7.38429132972e-09 0 -3.82153197037e-09 0 0) (3.80291276682e-09 -7.38444350448e-09 0 -3.82173605429e-09 0 0) (7.46079963253e-09 2.20203533351e-08 0 -7.65505989084e-09 0 0) (7.46090799044e-09 -2.20206848481e-08 0 -7.65516676844e-09 0 0)
0.002               (3.79230158729e-09 -1.36473188258e-14 0 -3.79332457274e-09 0 0) (2.84441073444e-10 4.09687874089e-15 0 -2.82869686482e-10 0 0) (4.34421871566e-09 9.2817613907e-09 0 -4.36811883732e-09 0 0) (4.34454753946e-09 -9.28198607545e-09 0 -4.36841529191e-09 0 0) (7.88705554203e-09 2.7681996165e-08 0 -8.12128910957e-09 0 0) (7.88721284849e-09 -2.76824687752e-08 0 -8.12144177776e-09 0 0)
0.0022              (5.14655845725e-09 -1.90919884774e-14 0 -5.1476949323e-09 0 0) (3.75975868931e-10 5.81237596041e-15 0 -3.74151942923e-10 0 0) (4.76861260612e-09 1.13497215586e-08 0 -4.79865991699e-09 0 0) (4.76906735404e-09 -1.13500369363e-08 0 -4.79907084805e-09 0 0) (7.83142629222e-09 3.3856894211e-08 0 -8.108293168e-09 0 0) (7.83164596862e-09 -3.38575389307e-08 0 -8.10850129807e-09 0 0)
0.0024              (6.79193886605e-09 -2.57546426782e-14 0 -6.79318498193e-09 0 0) (4.84546145176e-10 7.95554064959e-15 0 -4.8245398895e-10 0 0) (5.03524903533e-09 1.35717419677e-08 0 -5.07266488095e-09 0 0) (5.03585497114e-09 -1.35721678745e-08 0 -5.0732122956e-09 0 0) (7.1910506275e-09 4.05031519215e-08 0 -7.51302508233e-09 0 0) (7.1913455031e-09 -4.05040012185e-08 0 -7.51330071404e-09 0 0)
0.0026              (8.75724055467e-09 -3.37318367169e-14 0 -8.7585917718e-09 0 0) (6.11406998541e-10 1.05750396178e-14 0 -6.09030131432e-10 0 0) (5.10316812398e-09 1.59300465683e-08 0 -5.14928201043e-09 0 0) (5.10395130096e-09 -1.59306038023e-08 0 -5.14998959346e-09 0 0) (5.86264846629e-09 4.75798289817e-08 0 -6.23210568959e-09 0 0) (5.86303334408e-09 -4.75809173224e-08 0 -6.2324609614e-09 0 0)
0.0028              (1.10714071229e-08 -4.5268516677e-14 0 -1.10728547568e-08 0 0) (7.57774840234e-10 1.36743633981e-14 0 -7.55095794712e-10 0 0) (4.93104761551e-09 1.84055196152e-08 0 -4.9872829985e-09 0 0) (4.93207829851e-09 -1.84062589013e-08 0 -4.9882318703e-09 0 0) (3.7427095898e-09 5.50474383361e-08 0 -4.16199625059e-09 0 0) (3.74313473174e-09 -5.50488689959e-08 0 -4.16241833324e-09 0 0)
0.003               (1.37635084893e-08 -5.96410807948e-14 0 -1.37650478031e-08 0 0) (9.24823646222e-10 1.74078144813e-14 0 -9.21825645562e-10 0 0) (4.47723642953e-09 2.0977830358e-08 0 -4.54508288483e-09 0 0) (4.47858843615e-09 -2.09788003734e-08 0 -4.54635041571e-09 0 0) (7.27843387449e-10 6.28681157316e-08 0 -1.19933970817e-09 0 0) (7.28286687721e-10 -6.28699921589e-08 0 -1.19981606845e-09 0 0)
0.0032              (1.68627511549e-08 -7.68654636622e-14 0 -1.68643795827e-08 0 0) (1.11368890469e-09 2.18551925057e-14 0 -1.11035507348e-09 0 0) (3.6997110424e-09 2.36254966947e-08 0 -3.78071419977e-09 0 0) (3.70145562437e-09 -2.36267452284e-08 0 -3.78237233227e-09 0 0) (-3.2847780403e-09 7.10055644535e-08 0 2.75861871042e-09 0 0) (-3.28432842409e-09 -7.10079848168e-08 0 2.75809744772e-09 0 0)
0.0034              (2.03984728737e-08 -9.70198470827e-14 0 -2.04001878497e-08 0 0) (1.32546781342e-09 2.70620528426e-14 0 -1.32178265786e-09 0 0) (2.55607706617e-09 2.6326011095e-08 0 -2.65182538535e-09 0 0) (2.55828271201e-09 -2.63275855413e-08 0 -2.65394379222e-09 0 0) (-8.39704783336e-09 7.94248998939e-08 0 7.81367849148e-09 0 0) (-8.39660206592e-09 -7.94279588089e-08 0 7.81311696464e-09 0 0)
0.0036              (2.44001209421e-08 -1.15824555789e-13 0 -2.44019365784e-08 0 0) (1.5612198719e-09 3.24504118617e-14 0 -1.55716947718e-09 0 0) (1.00361859191e-09 2.90559664756e-08 0 -1.11569875628e-09 0 0) (1.00634293458e-09 -2.90579744275e-08 0 -1.11835480782e-09 0 0) (-1.4709672129e-08 8.80924952551e-08 0 1.40664319867e-08 0 0) (-1.47091084311e-08 -8.80964685262e-08 0 1.40657419698e-08 0 0)
0.0038              (2.88972928572e-08 -1.35883587839e-13 0 -2.88992116211e-08 0 0) (1.82197319728e-09 3.81822104183e-14 0 -1.81754088536e-09 0 0) (-1.00079595736e-09 3.17911574772e-08 0 8.70744368378e-10 0 0) (-9.9747643571e-10 -3.17936856803e-08 0 8.67472117616e-10 0 0) (-2.23219549252e-08 9.69756029629e-08 0 2.16160756254e-08 0 0) (-2.23211833933e-08 -9.69807266239e-08 0 2.16151700771e-08 0 0)
0.004               (3.39196938822e-08 -1.57540253832e-13 0 -3.39217150828e-08 0 0) (2.10871880054e-09 4.43370207691e-14 0 -2.10388641309e-09 0 0) (-3.50057467848e-09 3.45066804092e-08 0 3.35089096654e-09 0 0) (-3.49657905483e-09 -3.45098068259e-08 0 3.34691981717e-09 0 0) (-3.13316798539e-08 1.06042260792e-07 0 3.05602793528e-08 0 0) (-3.13306199596e-08 -1.06048755086e-07 0 3.05590771524e-08 0 0)
0.0042              (3.94971374407e-08 -1.80780696668e-13 0 -3.94992596963e-08 0 0) (2.42241295498e-09 5.09407862483e-14 0 -2.41716193892e-09 0 0) (-6.53938383248e-09 3.71770244365e-08 0 6.36839545684e-09 0 0) (-6.5346283219e-09 -3.71808223415e-08 0 6.36363994627e-09 0 0) (-4.18350688312e-08 1.15261089802e-07 0 4.09951554441e-08 0 0) (-4.18336454741e-08 -1.15269162688e-07 0 4.09935798136e-08 0 0)
0.0044              (4.56595423535e-08 -2.05563653557e-13 0 -4.56617634931e-08 0 0) (2.76397778833e-09 5.79964485107e-14 0 -2.75829018268e-09 0 0) (-1.01611106397e-08 3.97761431268e-08 0 9.9671388424e-09 0 0) (-1.01555096809e-08 -3.97806824643e-08 0 9.96151192902e-09 0 0) (-5.39267895579e-08 1.24601127958e-07 0 5.30152650185e-08 0 0) (-5.39249325719e-08 -1.24610977277e-07 0 5.30132421403e-08 0 0)
0.0046              (5.24369277071e-08 -2.31864362118e-13 0 -5.24392446714e-08 0 0) (3.1343044407e-09 6.54995736157e-14 0 -3.12816169239e-09 0 0) (-1.44098181802e-08 4.2277512158e-08 0 1.41911827228e-08 0 0) (-1.44032856197e-08 -4.22828607011e-08 0 1.41845975624e-08 0 0) (-6.76999931189e-08 1.34031693763e-07 0 6.67136551453e-08 0 0) (-6.76976337193e-08 -1.3404350924e-07 0 6.67111165308e-08 0 0)
0.0048              (5.9859406143e-08 -2.5967444048e-13 0 -5.98618164649e-08 0 0) (3.53425247252e-09 7.34448444486e-14 0 -3.52763583108e-09 0 0) (-1.9329702958e-08 4.46541779213e-08 0 1.9084728438e-08 0 0) (-1.9322153432e-08 -4.46604017654e-08 0 1.90770973968e-08 0 0) (-8.32463688529e-08 1.43522275462e-07 0 8.21819212135e-08 0 0) (-8.3243443979e-08 -1.43536239643e-07 0 8.21787991637e-08 0 0)
0.005               (6.79571806995e-08 -2.88997575686e-13 0 -6.79596809249e-08 0 0) (3.96465104871e-09 8.18278767612e-14 0 -3.95754275056e-09 0 0) (-2.49650536507e-08 4.68787957622e-08 0 2.46920730537e-08 0 0) (-2.49564019925e-08 -4.6885960213e-08 0 2.46833098798e-08 0 0) (-1.00656219848e-07 1.53042443606e-07 0 9.95102714731e-08 0 0) (-1.00652666834e-07 -1.53058733337e-07 0 9.95065034208e-08 0 0)
0.0052              (7.67605367196e-08 -3.19842354968e-13 0 -7.67631231971e-08 0 0) (4.42630150459e-09 9.06454442952e-14 0 -4.41868151635e-09 0 0) (-3.13602140029e-08 4.89236622261e-08 0 3.10575706768e-08 0 0) (-3.13503759343e-08 -4.89318316274e-08 0 3.10475893153e-08 0 0) (-1.200185336e-07 1.62561782906e-07 0 1.1878760855e-07 0 0) (-1.20014294221e-07 -1.62580569852e-07 0 1.1878313331e-07 0 0)
0.0054              (8.62998377061e-08 -3.52220083218e-13 0 -8.63025063895e-08 0 0) (4.91997576686e-09 9.98951618028e-14 0 -4.911825042e-09 0 0) (-3.85595453255e-08 5.07607409887e-08 0 3.82255989014e-08 0 0) (-3.8548437851e-08 -5.07699789193e-08 0 3.82143140871e-08 0 0) (-1.41421063629e-07 1.72049839979e-07 0 1.40101601488e-07 0 0) (-1.41416080942e-07 -1.72071291267e-07 0 1.4009636044e-07 0 0)
0.0056              (9.66055190056e-08 -3.86140551208e-13 0 -9.66082653554e-08 0 0) (5.44641891945e-09 1.09574974568e-13 0 -5.43771791803e-09 0 0) (-4.66073977778e-08 5.23616842706e-08 0 4.6240525453e-08 0 0) (-4.65949391849e-08 -5.23720539393e-08 0 4.62278533022e-08 0 0) (-1.64950402208e-07 1.81476084149e-07 0 1.63538764895e-07 0 0) (-1.64944622232e-07 -1.81500362882e-07 0 1.63532701786e-07 0 0)
0.0058              (1.07708082282e-07 -4.21610706499e-13 0 -1.07710900969e-07 0 0) (6.00634999303e-09 1.19682721712e-13 0 -5.99707976722e-09 0 0) (-5.55480822418e-08 5.3697850996e-08 0 5.51466829246e-08 0 0) (-5.55341919034e-08 -5.37094151675e-08 0 5.5132540738e-08 0 0) (-1.9069205527e-07 1.90809878206e-07 0 1.89184529403e-07 0 0) (-1.90685426687e-07 -1.90837143837e-07 0 1.89177589563e-07 0 0)
0.006               (1.19638089596e-07 -4.58634807791e-13 0 -1.19640976574e-07 0 0) (6.60046314926e-09 1.30215844817e-13 0 -6.59060297487e-09 0 0) (-6.54258484137e-08 5.47403219899e-08 0 6.49883423289e-08 0 0) (-6.5410445407e-08 -5.47531431575e-08 0 6.49726495782e-08 0 0) (-2.18730510299e-07 2.00020458323e-07 0 2.17123309767e-07 0 0) (-2.18722982977e-07 -2.00050867098e-07 0 2.17115441286e-07 0 0)
0.0062              (1.32426158469e-07 -4.97211740291e-13 0 -1.32429108212e-07 0 0) (7.22942768075e-09 1.41171220774e-13 0 -7.21895712964e-09 0 0) (-7.62848613169e-08 5.54599137948e-08 0 7.5809696716e-08 0 0) (-7.62678679753e-08 -5.54740539089e-08 0 7.57923720835e-08 0 0) (-2.49149295448e-07 2.09076920097e-07 0 2.4743856802e-07 0 0) (-2.49140821821e-07 -2.09110625153e-07 0 2.47429719975e-07 0 0)
0.0064              (1.4610295636e-07 -5.37337151375e-13 0 -1.46105963242e-07 0 0) (7.89388959008e-09 1.52544886969e-13 0 -7.88278783939e-09 0 0) (-8.81691880772e-08 5.58271900439e-08 0 8.76548404495e-08 0 0) (-8.81505270305e-08 -5.58427108331e-08 0 8.76358055779e-08 0 0) (-2.82031040725e-07 2.17948209121e-07 0 2.80212868344e-07 0 0) (-2.82021574803e-07 -2.17985361152e-07 0 2.80202991985e-07 0 0)
0.0066              (1.60699193752e-07 -5.79001693175e-13 0 -1.60702253333e-07 0 0) (8.59447198453e-09 1.64332061613e-13 0 -8.58271840875e-09 0 0) (-1.01122782726e-07 5.58124724896e-08 0 1.00567756969e-07 0 0) (-1.01102377985e-07 -5.58294351767e-08 0 1.00546932909e-07 0 0) (-3.17457529995e-07 2.26603116295e-07 0 3.15527931347e-07 0 0) (-3.1744702668e-07 -2.26643863405e-07 0 3.15516979501e-07 0 0)
0.0068              (1.76245622184e-07 -6.22191853899e-13 0 -1.76248728148e-07 0 0) (9.33177665507e-09 1.76526928406e-13 0 -9.31935023396e-09 0 0) (-1.15189473666e-07 5.53858504528e-08 0 1.14592305765e-07 0 0) (-1.15167250033e-07 -5.54043160136e-08 0 1.14569616133e-07 0 0) (-3.55509747074e-07 2.35010275632e-07 0 3.53464681831e-07 0 0) (-3.55498164128e-07 -2.35054763731e-07 0 3.53452607918e-07 0 0)
0.007               (1.92773024776e-07 -6.66889927337e-13 0 -1.92776172681e-07 0 0) (1.01063846685e-08 1.89122762275e-13 0 -1.00932643818e-08 0 0) (-1.30412955186e-07 5.45171900497e-08 0 1.2977221448e-07 0 0) (-1.30388837757e-07 -5.45372189175e-08 0 1.2974758388e-07 0 0) (-3.96267921318e-07 2.43138164212e-07 0 3.94103291024e-07 0 0) (-3.96255216897e-07 -2.43186537109e-07 0 3.94090050636e-07 0 0)
0.0072              (2.10312215632e-07 -7.1307571088e-13 0 -2.10315399459e-07 0 0) (1.09188575517e-08 2.02111743401e-13 0 -1.09050206028e-08 0 0) (-1.46836778873e-07 5.3176142309e-08 0 1.4615106865e-07 0 0) (-1.46810695606e-07 -5.3197794695e-08 0 1.46124421882e-07 0 0) (-4.39811565519e-07 2.50955103494e-07 0 4.37523215862e-07 0 0) (-4.39797699457e-07 -2.51007503212e-07 0 4.37508765379e-07 0 0)
0.0074              (2.28894031161e-07 -7.60724298622e-13 0 -2.28897246075e-07 0 0) (1.17697361072e-08 2.15485119101e-13 0 -1.17551612785e-08 0 0) (-1.64504348975e-07 5.13321513386e-08 0 1.63772307755e-07 0 0) (-1.64476228322e-07 -5.13554869975e-08 0 1.63743570607e-07 0 0) (-4.86219510346e-07 2.58429262815e-07 0 4.83803235303e-07 0 0) (-4.86204443466e-07 -2.58485829439e-07 0 4.83787532092e-07 0 0)
0.0076              (2.48549328103e-07 -8.09808562701e-13 0 -2.4855256838e-07 0 0) (1.26595441636e-08 2.29233102177e-13 0 -1.26442091519e-08 0 0) (-1.83458916281e-07 4.89544613562e-08 0 1.82679218703e-07 0 0) (-1.83428687091e-07 -4.89795396851e-08 0 1.82648318937e-07 0 0) (-5.35569938296e-07 2.65528662049e-07 0 5.33021481712e-07 0 0) (-5.35553632603e-07 -2.65589534185e-07 0 5.33004483929e-07 0 0)
0.0078              (2.69309045895e-07 -8.46438136822e-13 0 -2.69312261598e-07 0 0) (1.35887680486e-08 2.40395550467e-13 0 -1.35726676235e-08 0 0) (-2.03743870535e-07 4.60123756994e-08 0 2.02915140117e-07 0 0) (-2.03711210792e-07 -4.60392051913e-08 0 2.02881837727e-07 0 0) (-5.87940571e-07 2.72221883485e-07 0 5.85255482107e-07 0 0) (-5.87922092919e-07 -2.72286798726e-07 0 5.85236466578e-07 0 0)
0.008               (2.91204029433e-07 -8.60783592087e-13 0 -2.91207205563e-07 0 0) (1.45579096823e-08 2.4707148249e-13 0 -1.45410242052e-08 0 0) (-2.25402103898e-07 4.24746086326e-08 0 2.245230664e-07 0 0) (-2.25366757313e-07 -4.25031928404e-08 0 2.24487127498e-07 0 0) (-6.43408372964e-07 2.78476335772e-07 0 6.40582250142e-07 0 0) (-6.43386968331e-07 -2.78545401204e-07 0 6.40560519153e-07 0 0)
0.0082              (3.14265154403e-07 -8.5315418494e-13 0 -3.14268283953e-07 0 0) (1.55674469052e-08 2.48749185805e-13 0 -1.5549751507e-08 0 0) (-2.48476369188e-07 3.83098099597e-08 0 2.47545804448e-07 0 0) (-2.48438113519e-07 -3.83401705574e-08 0 2.47507011924e-07 0 0) (-7.02049735424e-07 2.84259510921e-07 0 6.99078164125e-07 0 0) (-7.02024799882e-07 -2.84332898851e-07 0 6.99053133055e-07 0 0)
0.0084              (3.38523305176e-07 -8.24971797299e-13 0 -3.38526383508e-07 0 0) (1.66178378206e-08 2.45374652771e-13 0 -1.65993068429e-08 0 0) (-2.73009262608e-07 3.34864821485e-08 0 2.72025993393e-07 0 0) (-2.72967892981e-07 -3.35186467837e-08 0 2.71984144742e-07 0 0) (-7.63940505753e-07 2.8953882408e-07 0 7.60819034914e-07 0 0) (-7.63911550212e-07 -2.89616722593e-07 0 7.60790223949e-07 0 0)
0.0086              (3.6400936711e-07 -7.77574008044e-13 0 -3.64012390177e-07 0 0) (1.7709524742e-08 2.36999346161e-13 0 -1.76901327236e-08 0 0) (-2.99043218414e-07 2.79729667334e-08 0 2.98006107362e-07 0 0) (-2.98998541602e-07 -2.80069644355e-08 0 2.97961011131e-07 0 0) (-8.2915600572e-07 2.9428158305e-07 0 8.25880143226e-07 0 0) (-8.29122625861e-07 -2.94364182377e-07 0 8.25847160186e-07 0 0)
0.0088              (3.90754220233e-07 -7.1208350428e-13 0 -3.90757183003e-07 0 0) (1.88429359692e-08 2.23665752826e-13 0 -1.88226576463e-08 0 0) (-3.26620509216e-07 2.17374452163e-08 0 3.25528459621e-07 0 0) (-3.26572341168e-07 -2.17733050485e-08 0 3.25479931268e-07 0 0) (-8.97771050241e-07 2.98454979924e-07 0 8.94336265093e-07 0 0) (-8.97732911516e-07 -2.98542467298e-07 0 8.94298782535e-07 0 0)
0.009               (4.18788734311e-07 -6.29434655526e-13 0 -4.18791632934e-07 0 0) (2.00184863808e-08 2.05380649413e-13 0 -1.99972968844e-08 0 0) (-3.55783245283e-07 1.47479426979e-08 0 3.54635199225e-07 0 0) (-3.55731408461e-07 -1.47856936463e-08 0 3.54583064271e-07 0 0) (-9.69859968987e-07 3.02026091181e-07 0 9.66261691599e-07 0 0) (-9.6981678856e-07 -3.02118648246e-07 0 9.6621943557e-07 0 0)
0.0092              (4.48143767068e-07 -5.30422930333e-13 0 -4.48146597104e-07 0 0) (2.12365782234e-08 1.82116391368e-13 0 -2.12144519936e-08 0 0) (-3.86573374741e-07 6.97233224181e-09 0 3.85368314762e-07 0 0) (-3.86517700194e-07 -7.01200323231e-09 0 3.85312405242e-07 0 0) (-1.04549662287e-06 3.04961880181e-07 0 1.04173024862e-06 0 0) (-1.04544815856e-06 -3.05059680985e-07 0 1.04168298504e-06 0 0)
0.0094              (4.78850159257e-07 -4.15737061511e-13 0 -4.78852916462e-07 0 0) (2.24976011117e-08 1.53819816014e-13 0 -2.24745127861e-08 0 0) (-4.19032685648e-07 -1.62166074989e-09 0 4.17769634553e-07 0 0) (-4.18973010839e-07 1.58004080004e-09 0 4.17709790397e-07 0 0) (-1.12475442022e-06 3.07229204692e-07 0 1.12081530651e-06 0 0) (-1.12470046164e-06 -3.07332414829e-07 0 1.12076283385e-06 0 0)
0.0096              (5.10938732087e-07 -2.85989191123e-13 0 -5.10941411527e-07 0 0) (2.38019330155e-08 1.20419927783e-13 0 -2.37778576265e-08 0 0) (-4.53202805598e-07 -1.10664543825e-08 0 4.51880827047e-07 0 0) (-4.53138977168e-07 1.10228565706e-08 0 4.51816894305e-07 0 0) (-1.20770632717e-06 3.08794815982e-07 0 1.20358980097e-06 0 0) (-1.20764668976e-06 -3.08903592162e-07 0 1.20353194298e-06 0 0)
0.0098              (5.44440283679e-07 -1.41729488593e-13 0 -5.44442880617e-07 0 0) (2.51499408517e-08 8.18343242899e-14 0 -2.51248527406e-08 0 0) (-4.89125205172e-07 -2.13946062525e-08 0 4.87743402401e-07 0 0) (-4.89057074795e-07 2.13490017169e-08 0 4.87675235016e-07 0 0) (-1.29442488803e-06 3.09625356812e-07 0 1.29012624615e-06 0 0) (-1.29435940818e-06 -3.09739846755e-07 0 1.29006284691e-06 0 0)
0.01                (5.79385587083e-07 1.65396855227e-14 0 -5.79388095993e-07 0 0) (2.65419816683e-08 3.79734852867e-14 0 -2.65158549793e-08 0 0) (-5.2684119735e-07 -3.26388096666e-08 0 5.25398712673e-07 0 0) (-5.26768623806e-07 3.25911696642e-08 0 5.25326171893e-07 0 0) (-1.38498223622e-06 3.09687367132e-07 0 1.38049674466e-06 0 0) (-1.38491076669e-06 -3.09807710098e-07 0 1.3804276664e-06 0 0)
0.0102              (6.15805385944e-07 1.88357020005e-13 0 -6.15807801891e-07 0 0) (2.7978401066e-08 -1.12565495795e-14 0 -2.79512105353e-08 0 0) (-5.6639193909e-07 -4.48318899455e-08 0 5.6488795558e-07 0 0) (-5.66314788165e-07 4.47821859326e-08 0 5.64810908374e-07 0 0) (-1.47945010329e-06 3.08947286388e-07 0 1.474773001e-06 0 0) (-1.47937251104e-06 -3.09073613686e-07 0 1.47469812017e-06 0 0)
0.0104              (6.53730393313e-07 3.73293663613e-13 0 -6.53732711166e-07 0 0) (2.94595363555e-08 -6.59523197859e-14 0 -2.94312558311e-08 0 0) (-6.07818433101e-07 -5.80068010462e-08 0 6.06252174882e-07 0 0) (-6.077365766e-07 5.79550047413e-08 0 6.06170494143e-07 0 0) (-1.57789983205e-06 3.07371455266e-07 0 1.57302633245e-06 0 0) (-1.57781599768e-06 -3.07503890976e-07 0 1.57294553614e-06 0 0)
0.0106              (6.93191288884e-07 5.70950694122e-13 0 -6.93193503116e-07 0 0) (3.09857155713e-08 -1.26211825285e-13 0 -3.09563186052e-08 0 0) (-6.51161530113e-07 -7.219662227e-08 0 6.49532259801e-07 0 0) (-6.51074845666e-07 7.21427057541e-08 0 6.49445824932e-07 0 0) (-1.68040238855e-06 3.04926117626e-07 0 1.67532767889e-06 0 0) (-1.68031220123e-06 -3.05064779271e-07 0 1.67524086644e-06 0 0)
0.0108              (7.34218716233e-07 7.80952567737e-13 0 -7.34220820725e-07 0 0) (3.25572574709e-08 -1.92133724974e-13 0 -3.25267173191e-08 0 0) (-6.9646193056e-07 -8.7434555282e-08 0 6.94768949551e-07 0 0) (-6.96370300434e-07 8.73784910061e-08 0 6.94677644498e-07 0 0) (-1.78702837014e-06 3.01577422234e-07 0 1.78174761703e-06 0 0) (-1.7869317289e-06 -3.01722421502e-07 0 1.78165469529e-06 0 0)
0.011               (7.76843281433e-07 1.00294675857e-12 0 -7.76845269475e-07 0 0) (3.41744733121e-08 -2.63816916379e-13 0 -3.41427629344e-08 0 0) (-7.43760184575e-07 -1.03753921491e-07 0 7.42002833149e-07 0 0) (-7.43663496167e-07 1.03695682418e-07 0 7.41906548369e-07 0 0) (-1.89784801966e-06 2.97291424247e-07 0 1.89235636576e-06 0 0) (-1.89774483086e-06 -2.97442867758e-07 0 1.89225725025e-06 0 0)
0.0112              (8.21095548915e-07 1.23659898868e-12 0 -8.21097414881e-07 0 0) (3.58376660627e-08 -3.41360182299e-13 0 -3.58047588137e-08 0 0) (-7.9309669416e-07 -1.21188159102e-07 0 7.91274353947e-07 0 0) (-7.92994840889e-07 1.21127718639e-07 0 7.91172981675e-07 0 0) (-2.01293123123e-06 2.92034087117e-07 0 2.00722380092e-06 0 0) (-2.01282140813e-06 -2.92192076844e-07 0 2.00711841348e-06 0 0)
0.0114              (8.67006043039e-07 1.48159508111e-12 0 -8.6700777943e-07 0 0) (3.75471317825e-08 -4.24861860749e-13 0 -3.75129999314e-08 0 0) (-8.44511717534e-07 -1.39770820184e-07 0 8.42623805888e-07 0 0) (-8.44404595187e-07 1.39708152266e-07 0 8.42517245661e-07 0 0) (-2.13234756292e-06 2.85771283852e-07 0 2.12641946204e-06 0 0) (-2.13223102331e-06 -2.85935917741e-07 0 2.12630773004e-06 0 0)
0.0116              (9.14605274747e-07 1.78945164707e-12 0 -9.14606856891e-07 0 0) (3.93032139011e-08 -5.22767130736e-13 0 -3.92677783011e-08 0 0) (-8.98046190496e-07 -1.59535377395e-07 0 8.96091868976e-07 0 0) (-8.9793349502e-07 1.59471021559e-07 0 8.95979718744e-07 0 0) (-2.25616455635e-06 2.78469709203e-07 0 2.25001152223e-06 0 0) (-2.25604260427e-06 -2.78641168138e-07 0 2.24989395805e-06 0 0)
0.0118              (9.63923670503e-07 2.14611996419e-12 0 -9.6392508409e-07 0 0) (4.11061392002e-08 -6.40142280341e-13 0 -4.10693736006e-08 0 0) (-9.53739833224e-07 -1.80515479377e-07 0 9.51718564383e-07 0 0) (-9.53621124082e-07 1.80449575524e-07 0 9.51600342753e-07 0 0) (-2.38445202431e-06 2.70095426629e-07 0 2.37806924962e-06 0 0) (-2.38432505944e-06 -2.70273671182e-07 0 2.3779460828e-06 0 0)
0.012               (1.01499161197e-06 2.54915666713e-12 0 -1.01499284782e-06 0 0) (4.29561690019e-08 -7.78697154619e-13 0 -4.29180579091e-08 0 0) (-1.01163238445e-06 -2.02745014257e-07 0 1.00954369597e-06 0 0) (-1.01150720749e-06 2.02677653272e-07 0 1.00941894149e-06 0 0) (-2.51727886434e-06 2.60613887248e-07 0 2.5106614416e-06 0 0) (-2.51714706462e-06 -2.60798938087e-07 0 2.51053281031e-06 0 0)
0.0122              (1.06783943659e-06 2.99775341467e-12 0 -1.06784048366e-06 0 0) (4.48535727208e-08 -9.38976001153e-13 0 -4.48140990619e-08 0 0) (-1.07176346941e-06 -2.26257990342e-07 0 1.0696069257e-06 0 0) (-1.07163140837e-06 2.26189244315e-07 0 1.06947522348e-06 0 0) (-2.65471351761e-06 2.49990470917e-07 0 2.64785651407e-06 0 0) (-2.6545770136e-06 -2.50182366752e-07 0 2.64772253396e-06 0 0)
0.0124              (1.12249743031e-06 3.49115183752e-12 0 -1.12249827892e-06 0 0) (4.67986181923e-08 -1.12116266849e-12 0 -4.67577590721e-08 0 0) (-1.13417258586e-06 -2.51088515985e-07 0 1.1319477888e-06 0 0) (-1.13403327559e-06 2.51018442796e-07 0 1.13180877627e-06 0 0) (-2.79682407195e-06 2.3819050961e-07 0 2.78972254064e-06 0 0) (-2.79668299657e-06 -2.38389282095e-07 0 2.78958333508e-06 0 0)
0.0126              (1.17899582932e-06 4.02855568237e-12 0 -1.17899646881e-06 0 0) (4.87915661465e-08 -1.32536700526e-12 0 -4.87492964984e-08 0 0) (-1.19889910599e-06 -2.77270796743e-07 0 1.19660569183e-06 0 0) (-1.19875223287e-06 2.77199443212e-07 0 1.19645905694e-06 0 0) (-2.94367829822e-06 2.25179269769e-07 0 2.9363272835e-06 0 0) (-2.94353280001e-06 -2.25384939816e-07 0 2.93618299597e-06 0 0)
0.0128              (1.23736481712e-06 4.60915773148e-12 0 -1.23736523703e-06 0 0) (5.08326731685e-08 -1.55171943438e-12 0 -5.07889638801e-08 0 0) (-1.26598227559e-06 -3.04839134948e-07 0 1.26361991778e-06 0 0) (-1.26582757268e-06 3.04766539891e-07 0 1.26346539389e-06 0 0) (-3.09534366718e-06 2.10921945945e-07 0 3.08773820935e-06 0 0) (-3.09519391409e-06 -2.11134525048e-07 0 3.08758900131e-06 0 0)
0.013               (1.2976345247e-06 5.23216472263e-12 0 -1.2976347128e-06 0 0) (5.29221889355e-08 -1.80039422726e-12 0 -5.2877011585e-08 0 0) (-1.33546121751e-06 -3.33827929436e-07 0 1.33302962373e-06 0 0) (-1.33529845762e-06 3.33754126183e-07 0 1.33286698346e-06 0 0) (-3.25188737533e-06 1.9538366049e-07 0 3.24402250089e-06 0 0) (-3.25173354886e-06 -1.95603151813e-07 0 3.24386854839e-06 0 0)
0.0132              (1.359835028e-06 5.89679365626e-12 0 -1.35983497205e-06 0 0) (5.50603597692e-08 -2.07160751836e-12 0 -5.50136832704e-08 0 0) (-1.40737492922e-06 -3.64271674478e-07 0 1.40487384339e-06 0 0) (-1.40720391982e-06 3.64196692783e-07 0 1.40470289449e-06 0 0) (-3.41337634198e-06 1.78529464965e-07 0 3.40524707238e-06 0 0) (-3.41321863406e-06 -1.78755863367e-07 0 3.40508856233e-06 0 0)
0.0134              (1.42399634828e-06 6.60226490458e-12 0 -1.42399603465e-06 0 0) (5.72474266625e-08 -2.36559845288e-12 0 -5.71992204224e-08 0 0) (-1.48176228744e-06 -3.96204958913e-07 0 1.47919148673e-06 0 0) (-1.4815828658e-06 3.96128826396e-07 0 1.47901206538e-06 0 0) (-3.5798772232e-06 1.60324340108e-07 0 3.57147857477e-06 0 0) (-3.57971583299e-06 -1.60557632178e-07 0 3.57131570179e-06 0 0)
0.0136              (1.49014844975e-06 7.34779100962e-12 0 -1.49014786513e-06 0 0) (5.94836274499e-08 -2.68264316087e-12 0 -5.9433859889e-08 0 0) (-1.5586620465e-06 -4.29662464768e-07 0 1.55602134171e-06 0 0) (-1.55847407396e-06 4.29585207854e-07 0 1.55583331036e-06 0 0) (-3.75145641764e-06 1.40733195962e-07 0 3.74278340483e-06 0 0) (-3.75129154852e-06 -1.40973360407e-07 0 3.74261636845e-06 0 0)
0.0138              (1.55832124096e-06 8.13257275962e-12 0 -1.55832037054e-06 0 0) (6.17691962163e-08 -3.02301564166e-12 0 -6.17178352612e-08 0 0) (-1.63811283915e-06 -4.646789661e-07 0 1.63540207693e-06 0 0) (-1.63791619985e-06 4.6460061063e-07 0 1.63520531694e-06 0 0) (-3.92818007354e-06 1.19720871107e-07 0 3.91922770961e-06 0 0) (-3.92801193464e-06 -1.19967879155e-07 0 3.91905671374e-06 0 0)
0.014               (1.62854457245e-06 8.95579495566e-12 0 -1.62854340075e-06 0 0) (6.41043625065e-08 -3.38699636364e-12 0 -6.40513774659e-08 0 0) (-1.72015318119e-06 -5.01289327506e-07 0 1.71737223917e-06 0 0) (-1.71994777576e-06 5.01209899263e-07 0 1.71716665186e-06 0 0) (-4.11011409521e-06 9.72521322449e-08 0 4.10087739245e-06 0 0) (-4.10994289782e-06 -9.75059484957e-08 0 4.10070264549e-06 0 0)
0.0142              (1.70084823692e-06 9.81662583709e-12 0 -1.70084674755e-06 0 0) (6.64893554711e-08 -3.77485677674e-12 0 -6.64347131861e-08 0 0) (-1.80482146912e-06 -5.39528502836e-07 0 1.80197025818e-06 0 0) (-1.80460721416e-06 5.39448027812e-07 0 1.80175575947e-06 0 0) (-4.29732414763e-06 7.32916735191e-08 0 4.28779812079e-06 0 0) (-4.29715010728e-06 -7.35522569516e-08 0 4.28761983434e-06 0 0)
0.0144              (1.77526196806e-06 1.07142083391e-11 0 -1.77526014413e-06 0 0) (6.89243985363e-08 -4.18687661752e-12 0 -6.88680669339e-08 0 0) (-1.89215598268e-06 -5.7943153393e-07 0 1.88923444728e-06 0 0) (-1.89193280873e-06 5.79350038561e-07 0 1.88901096532e-06 0 0) (-4.4898756632e-06 4.78041161228e-08 0 4.48005533096e-06 0 0) (-4.48969899758e-06 -4.80714211608e-08 0 4.47987371996e-06 0 0)
0.0146              (1.85181512867e-06 1.16857546639e-11 0 -1.85181321474e-06 0 0) (7.14097238133e-08 -4.65385337384e-12 0 -7.13516329245e-08 0 0) (-1.98219301192e-06 -6.21032566419e-07 0 1.97920213545e-06 0 0) (-1.9819616975e-06 6.2094900866e-07 0 1.97897022881e-06 0 0) (-4.68783267471e-06 2.07570695299e-08 0 4.67771270425e-06 0 0) (-4.68765528819e-06 -2.10298251518e-08 0 4.67753054179e-06 0 0)
0.0148              (1.9305375541e-06 1.27368486236e-11 0 -1.93053558205e-06 0 0) (7.39455223592e-08 -5.17509751635e-12 0 -7.38856286634e-08 0 0) (-2.0749716306e-06 -6.64367139067e-07 0 2.0719115977e-06 0 0) (-2.07473263747e-06 6.64280925466e-07 0 2.07167167554e-06 0 0) (-4.8912604532e-06 -7.88649359905e-09 0 4.88083583924e-06 0 0) (-4.8910843347e-06 7.60838815672e-09 0 4.88065522458e-06 0 0)
0.015               (2.01145885606e-06 1.38697537704e-11 0 -2.01145681048e-06 0 0) (7.6532002008e-08 -5.75099865359e-12 0 -7.64702695832e-08 0 0) (-2.1705300416e-06 -7.09470659398e-07 0 2.16740092531e-06 0 0) (-2.17028374685e-06 7.09381294671e-07 0 2.16715335316e-06 0 0) (-5.10022409888e-06 -3.81625322839e-08 0 5.08948986533e-06 0 0) (-5.10005101194e-06 3.78789863358e-08 0 5.08931257088e-06 0 0)
0.0152              (2.09460854538e-06 1.50858406936e-11 0 -2.09460640023e-06 0 0) (7.91693715807e-08 -6.38244462779e-12 0 -7.9105771117e-08 0 0) (-2.26890617186e-06 -7.56378556091e-07 0 2.26570805458e-06 0 0) (-2.2686529275e-06 7.56285594459e-07 0 2.26545317725e-06 0 0) (-5.31478838223e-06 -7.01068985734e-08 0 5.30373958254e-06 0 0) (-5.3146199078e-06 6.98178173799e-08 0 5.30356716952e-06 0 0)
0.0154              (2.18001606129e-06 1.63858926542e-11 0 -2.18001378824e-06 0 0) (8.18578436482e-08 -7.07040287374e-12 0 -8.17923438619e-08 0 0) (-2.37013779141e-06 -8.05126318666e-07 0 2.36687078348e-06 0 0) (-2.36987795094e-06 8.05029377411e-07 0 2.36660894697e-06 0 0) (-5.535017777e-06 -1.03755444209e-07 0 5.52364946775e-06 0 0) (-5.53485536864e-06 1.0346079206e-07 0 5.52348337522e-06 0 0)
0.0156              (2.26771078021e-06 1.77700425265e-11 0 -2.26770834956e-06 0 0) (8.4597626834e-08 -7.8157549453e-12 0 -8.45301995008e-08 0 0) (-2.47426255197e-06 -8.55749517961e-07 0 2.47092679193e-06 0 0) (-2.47399647253e-06 8.55648270429e-07 0 2.47065834796e-06 0 0) (-5.76097650361e-06 -1.39144084004e-07 0 5.74928374898e-06 0 0) (-5.76082151667e-06 1.38843877706e-07 0 5.749125324e-06 0 0)
0.0158              (2.3577220172e-06 1.92379832056e-11 0 -2.35771939648e-06 0 0) (8.73889317354e-08 -8.61924778039e-12 0 -8.73195464597e-08 0 0) (-2.58131799253e-06 -9.08283803838e-07 0 2.57791364974e-06 0 0) (-2.58104603739e-06 9.08177971979e-07 0 2.57763895397e-06 0 0) (-5.9927285534e-06 -1.76308800292e-07 0 5.98070643042e-06 0 0) (-5.99258226303e-06 1.76003097429e-07 0 5.9805569425e-06 0 0)
0.016               (2.45007902436e-06 2.07890810021e-11 0 -2.4500761816e-06 0 0) (9.02319673705e-08 -9.48151768902e-12 0 -9.01605926714e-08 0 0) (-2.69134154454e-06 -9.62764904575e-07 0 2.68786881616e-06 0 0) (-2.69106408071e-06 9.62654251481e-07 0 2.687588229e-06 0 0) (-6.23033770833e-06 -2.15285639813e-07 0 6.21798130863e-06 0 0) (-6.23020132106e-06 2.14974531206e-07 0 6.2178419574e-06 0 0)
0.0162              (2.54481099437e-06 2.24224412019e-11 0 -2.54480789552e-06 0 0) (9.31269417709e-08 -1.04031149918e-11 0 -9.30535446869e-08 0 0) (-2.80437053364e-06 -1.01922862686e-06 0 2.80082964548e-06 0 0) (-2.8040879305e-06 1.01911294968e-06 0 2.80054352791e-06 0 0) (-6.47386755426e-06 -2.5611071096e-07 0 6.46117198554e-06 0 0) (-6.4737422124e-06 2.55794316541e-07 0 6.46104390887e-06 0 0)
0.0164              (2.64194705854e-06 2.41369499771e-11 0 -2.64194366846e-06 0 0) (9.60740607966e-08 -1.13845201024e-11 0 -9.59986081692e-08 0 0) (-2.92044218037e-06 -1.07771085416e-06 0 2.91683338556e-06 0 0) (-2.92015480712e-06 1.07758997877e-06 0 2.91654210214e-06 0 0) (-6.72338148955e-06 -2.98820182343e-07 0 6.71034187481e-06 0 0) (-6.72326828061e-06 2.98498648641e-07 0 6.71022615449e-06 0 0)
0.0166              (2.74151628777e-06 2.59313019156e-11 0 -2.74151256965e-06 0 0) (9.90735305055e-08 -1.24261770382e-11 0 -9.89959877943e-08 0 0) (-3.03959360226e-06 -1.13824754582e-06 0 3.03591718244e-06 0 0) (-3.03930182916e-06 1.13812132188e-06 0 3.03562109437e-06 0 0) (-6.97894272908e-06 -3.4345028261e-07 0 6.9655542089e-06 0 0) (-6.97884269036e-06 3.43123780384e-07 0 6.96545188036e-06 0 0)
0.0168              (2.84354769256e-06 2.78040251363e-11 0 -2.84354360743e-06 0 0) (1.02125554981e-07 -1.35284748386e-11 0 -1.02045887646e-07 0 0) (-3.16186181605e-06 -1.20087473562e-06 0 3.15811807894e-06 0 0) (-3.16156601082e-06 1.20074303282e-06 0 3.15781754681e-06 0 0) (-7.24061430893e-06 -3.90037301129e-07 0 7.22687204402e-06 0 0) (-7.24052843905e-06 3.89706022586e-07 0 7.22678410004e-06 0 0)
0.017               (2.94807022165e-06 2.9753506669e-11 0 -2.94806573062e-06 0 0) (1.05230337716e-07 -1.4691766195e-11 0 -1.05148510723e-07 0 0) (-3.28728373933e-06 -1.26562853123e-06 0 3.28347301878e-06 0 0) (-3.28698426592e-06 1.26549123623e-06 0 3.28316840024e-06 0 0) (-7.50845909179e-06 -4.38617588854e-07 0 7.49435826071e-06 0 0) (-7.50838835372e-06 4.38281744613e-07 0 7.4942856625e-06 0 0)
0.0172              (3.05511276575e-06 3.17780077644e-11 0 -3.05510782589e-06 0 0) (1.08388082596e-07 -1.59163797597e-11 0 -1.08304059135e-07 0 0) (-3.41589619e-06 -1.33254511265e-06 0 3.41201884799e-06 0 0) (-3.41559341009e-06 1.33240212643e-06 0 3.41171049535e-06 0 0) (-7.78253976695e-06 -4.89227559178e-07 0 7.76807557234e-06 0 0) (-7.78248509772e-06 4.88887375026e-07 0 7.76801925248e-06 0 0)
0.0174              (3.16470415318e-06 3.38756878083e-11 0 -3.16469872157e-06 0 0) (1.11598990153e-07 -1.72025995938e-11 0 -1.11512734993e-07 0 0) (-3.54773589201e-06 -1.40166073167e-06 0 3.54379231451e-06 0 0) (-3.54743016128e-06 1.40151196784e-06 0 3.5434805781e-06 0 0) (-8.06291885927e-06 -5.41903688726e-07 0 8.04808652432e-06 0 0) (-8.06288117273e-06 5.41559402479e-07 0 8.04804739291e-06 0 0)
0.0176              (3.27687315387e-06 3.60446141261e-11 0 -3.27686718421e-06 0 0) (1.14863263681e-07 -1.85506859243e-11 0 -1.1477473932e-07 0 0) (-3.6828394734e-06 -1.47301171092e-06 0 3.67883007212e-06 0 0) (-3.68253114346e-06 1.47285709375e-06 0 3.67851529616e-06 0 0) (-8.34965872855e-06 -5.96682517964e-07 0 8.3344535002e-06 0 0) (-8.34963892007e-06 5.96334376501e-07 0 8.33443244916e-06 0 0)
0.0178              (3.39164847711e-06 3.82827872068e-11 0 -3.39164192195e-06 0 0) (1.18181104303e-07 -1.99609308237e-11 0 -1.18090272945e-07 0 0) (-3.82124346933e-06 -1.54663444306e-06 0 3.81716868165e-06 0 0) (-3.82093288676e-06 1.54647390609e-06 0 3.81685120503e-06 0 0) (-8.64282157399e-06 -6.53600651637e-07 0 8.62723872585e-06 0 0) (-8.64282052366e-06 6.53248908362e-07 0 8.62723663073e-06 0 0)
0.018               (3.50905877244e-06 4.05881309394e-11 0 -3.50905158293e-06 0 0) (1.21552711761e-07 -2.14334143724e-11 0 -1.21459536695e-07 0 0) (-3.96298432357e-06 -1.62256538997e-06 0 3.95884461175e-06 0 0) (-3.96267182915e-06 1.6223988749e-06 0 3.95852476863e-06 0 0) (-8.94246944025e-06 -7.12694759159e-07 0 8.92650427001e-06 0 0) (-8.94248801396e-06 7.12339671542e-07 0 8.92652199334e-06 0 0)
0.0182              (3.62913263193e-06 4.29585475423e-11 0 -3.62912475496e-06 0 0) (1.24978287375e-07 -2.29683727099e-11 0 -1.24882731002e-07 0 0) (-4.10809839071e-06 -1.70084108187e-06 0 4.10389423949e-06 0 0) (-4.10778432037e-06 1.70066853763e-06 0 4.10357235928e-06 0 0) (-9.24866421698e-06 -7.7400157408e-07 0 9.23231205024e-06 0 0) (-9.24870326935e-06 7.7364340218e-07 0 9.2323504421e-06 0 0)
0.0184              (3.75189858667e-06 4.53918958679e-11 0 -3.75188996787e-06 0 0) (1.28458032073e-07 -2.45659669549e-11 0 -1.28360055706e-07 0 0) (-4.25662193472e-06 -1.78149811701e-06 0 4.25235385589e-06 0 0) (-4.25630661993e-06 1.78131949865e-06 0 4.25203026228e-06 0 0) (-9.561467644e-06 -8.37557894919e-07 0 9.54472383568e-06 0 0) (-9.561528019e-06 8.37196899628e-07 0 9.5447837353e-06 0 0)
0.0186              (3.87738510892e-06 4.78860243767e-11 0 -3.87737569274e-06 0 0) (1.319921452e-07 -2.62263418667e-11 0 -1.31891711339e-07 0 0) (-4.4085911349e-06 -1.86457316051e-06 0 4.40425966116e-06 0 0) (-4.40827490094e-06 1.86438842838e-06 0 4.4039346743e-06 0 0) (-9.88094131499e-06 -9.03400584422e-07 0 9.86380124921e-06 0 0) (-9.88102384561e-06 9.03037026366e-07 0 9.86388348595e-06 0 0)
0.0188              (4.00562061511e-06 5.04387586763e-11 0 -4.00561034085e-06 0 0) (1.35580827682e-07 -2.79495890182e-11 0 -1.3547789784e-07 0 0) (-4.56404208281e-06 -1.95010294386e-06 0 4.55964777186e-06 0 0) (-4.56372525141e-06 1.94991206318e-06 0 4.55932170595e-06 0 0) (-1.02071466796e-05 -9.71566569813e-07 0 1.01896057714e-05 0 0) (-1.02072521889e-05 9.71200708298e-07 0 1.01897111646e-05 0 0)
0.019               (4.13663346087e-06 5.30479387122e-11 0 -4.13662226724e-06 0 0) (1.39224280644e-07 -2.97358018377e-11 0 -1.39118815345e-07 0 0) (-4.72301078635e-06 -2.03812426448e-06 0 4.71855421964e-06 0 0) (-4.72269367468e-06 2.03792720427e-06 0 4.71822738418e-06 0 0) (-1.05401450457e-05 -1.04209284205e-06 0 1.05221987423e-05 0 0) (-1.05402743486e-05 1.04172493455e-06 0 1.05223281017e-05 0 0)
0.0192              (4.27045194516e-06 5.5711390447e-11 0 -4.27043976782e-06 0 0) (1.42922704615e-07 -3.15853071283e-11 0 -1.42814663694e-07 0 0) (-4.8855331711e-06 -2.12867398447e-06 0 4.88101495031e-06 0 0) (-4.88521609081e-06 2.12847071734e-06 0 4.8806876528e-06 0 0) (-1.08799975829e-05 -1.11501645583e-06 0 1.08616413666e-05 0 0) (-1.0880151485e-05 1.11464675717e-06 0 1.08617954918e-05 0 0)
0.0194              (4.40710431052e-06 5.84269962318e-11 0 -4.40709108119e-06 0 0) (1.46676298155e-07 -3.349761745e-11 0 -1.46565644407e-07 0 0) (-5.05164507854e-06 -2.22178903048e-06 0 5.04706583074e-06 0 0) (-5.05132833832e-06 2.22157953195e-06 0 5.04673837276e-06 0 0) (-1.12267653265e-05 -1.19037452913e-06 0 1.12079947121e-05 0 0) (-1.12269446232e-05 1.19000329164e-06 0 1.12081743954e-05 0 0)
0.0196              (4.54661874047e-06 6.11926313851e-11 0 -4.54660438936e-06 0 0) (1.50485264556e-07 -3.54729669126e-11 0 -1.50371957125e-07 0 0) (-5.22138227162e-06 -2.31750639269e-06 0 5.21674264489e-06 0 0) (-5.22106617642e-06 2.31729064078e-06 0 5.21641532448e-06 0 0) (-1.15805091769e-05 -1.26820424291e-06 0 1.15613197169e-05 0 0) (-1.15807146564e-05 1.26783171556e-06 0 1.15615257398e-05 0 0)
0.0198              (4.68902336385e-06 6.40062048689e-11 0 -4.68900781775e-06 0 0) (1.54349804153e-07 -3.75114064977e-11 0 -1.54233803268e-07 0 0) (-5.39478043307e-06 -2.41586312424e-06 0 5.39008109718e-06 0 0) (-5.39446528338e-06 2.41564109923e-06 0 5.38975420941e-06 0 0) (-1.19412899059e-05 -1.34854284059e-06 0 1.19216771882e-05 0 0) (-1.19415223462e-05 1.34816926921e-06 0 1.19219103246e-05 0 0)
0.02                (4.83434625285e-06 6.68656613039e-11 0 -4.83432943418e-06 0 0) (1.58270119056e-07 -3.96129527395e-11 0 -1.58151383861e-07 0 0) (-5.57187516702e-06 -2.51689634052e-06 0 5.56711681368e-06 0 0) (-5.57156126029e-06 2.51666802441e-06 0 5.56679064988e-06 0 0) (-1.23091681546e-05 -1.43142762761e-06 0 1.22891278075e-05 0 0) (-1.23094283267e-05 1.43105325465e-06 0 1.22893888219e-05 0 0)
0.0202              (4.98261542303e-06 6.97689841927e-11 0 -4.98259725236e-06 0 0) (1.62246410585e-07 -4.17775759608e-11 0 -1.62124901704e-07 0 0) (-5.75270200027e-06 -2.62064321851e-06 0 5.74788534426e-06 0 0) (-5.75238963079e-06 2.62040859486e-06 0 5.74756019199e-06 0 0) (-1.26842044408e-05 -1.51689597085e-06 0 1.26637321298e-05 0 0) (-1.26844931058e-05 1.51652103545e-06 0 1.26640217792e-05 0 0)
0.0204              (5.13385883507e-06 7.27141998727e-11 0 -5.13383922949e-06 0 0) (1.66278881444e-07 -4.40052346909e-11 0 -1.66154558119e-07 0 0) (-5.93729638461e-06 -2.72714099613e-06 0 5.93242216025e-06 0 0) (-5.93698584339e-06 2.72690004979e-06 0 5.93209830493e-06 0 0) (-1.30664591564e-05 -1.60498529856e-06 0 1.30455505906e-05 0 0) (-1.3066777068e-05 1.60461003645e-06 0 1.30458696227e-05 0 0)
0.0206              (5.28810439517e-06 7.5699380458e-11 0 -5.28808326774e-06 0 0) (1.70367735123e-07 -4.62958845738e-11 0 -1.70240556104e-07 0 0) (-6.12569369592e-06 -2.83642697138e-06 0 6.12076265936e-06 0 0) (-6.12538527104e-06 2.83617968827e-06 0 6.12044038282e-06 0 0) (-1.34559925732e-05 -1.69573309922e-06 0 1.34346435014e-05 0 0) (-1.34563404774e-05 1.6953577428e-06 0 1.34349926558e-05 0 0)
0.0208              (5.44537995447e-06 7.87226384933e-11 0 -5.4453572149e-06 0 0) (1.74513174523e-07 -4.86494505464e-11 0 -1.74383098657e-07 0 0) (-6.31792923658e-06 -2.94853850192e-06 0 6.31294216527e-06 0 0) (-6.31762321304e-06 2.94828486875e-06 0 6.31262174641e-06 0 0) (-1.38528648437e-05 -1.78917692192e-06 0 1.38310710574e-05 0 0) (-1.38532434777e-05 1.78880170031e-06 0 1.3831451067e-05 0 0)
0.021               (5.60571331003e-06 8.17821434689e-11 0 -5.60568886417e-06 0 0) (1.78715404122e-07 -5.10658635933e-11 0 -1.78582389862e-07 0 0) (-6.51403823604e-06 -3.06351300415e-06 0 6.50899592825e-06 0 0) (-6.51373489628e-06 3.06325300846e-06 0 6.50867764339e-06 0 0) (-1.42571360013e-05 -1.88535437484e-06 0 1.42348933382e-05 0 0) (-1.42575460958e-05 1.88497951398e-06 0 1.42353049273e-05 0 0)
0.0212              (5.76913220523e-06 8.48761140101e-11 0 -5.76910595578e-06 0 0) (1.82974628399e-07 -5.35450407848e-11 0 -1.82838633902e-07 0 0) (-6.71405585219e-06 -3.18138795246e-06 0 6.70895912534e-06 0 0) (-6.71375547569e-06 3.18112158241e-06 0 6.70864324942e-06 0 0) (-1.46688659655e-05 -1.98430312551e-06 0 1.46461703085e-05 0 0) (-1.46693082433e-05 1.98392884822e-06 0 1.46466141944e-05 0 0)
0.0214              (5.93566433113e-06 8.8002816067e-11 0 -5.93563617545e-06 0 0) (1.87291053017e-07 -5.60868904456e-11 0 -1.87152035847e-07 0 0) (-6.91801717138e-06 -3.30220087905e-06 0 6.91286686549e-06 0 0) (-6.91772003605e-06 3.30192812315e-06 0 6.91255366911e-06 0 0) (-1.50881145423e-05 -2.08606089994e-06 0 1.50649618201e-05 0 0) (-1.50885897198e-05 2.08568742602e-06 0 1.50654387127e-05 0 0)
0.0216              (6.10533808935e-06 9.12962613867e-11 0 -6.10530719334e-06 0 0) (1.91664530735e-07 -5.87767886643e-11 0 -1.91522666358e-07 0 0) (-7.12595619301e-06 -3.42598940767e-06 0 7.12075132468e-06 0 0) (-7.12566279366e-06 3.42570906977e-06 0 7.12044295388e-06 0 0) (-1.5514944446e-05 -2.19066654421e-06 0 1.54913296039e-05 0 0) (-1.55154565686e-05 2.19029782568e-06 0 1.5491843647e-05 0 0)
0.0218              (6.27818044107e-06 9.48022957377e-11 0 -6.27814655702e-06 0 0) (1.96095492221e-07 -6.16141861955e-11 0 -1.95950733465e-07 0 0) (-7.33790648891e-06 -3.55279142733e-06 0 7.33264759508e-06 0 0) (-7.3376185719e-06 3.55250090244e-06 0 7.33234604491e-06 0 0) (-1.59494144212e-05 -2.29815785571e-06 0 1.59253333888e-05 0 0) (-1.59499660211e-05 2.29779524304e-06 0 1.5925887072e-05 0 0)
0.022               (6.4542187736e-06 9.85241791838e-11 0 -6.45418177273e-06 0 0) (2.00584206101e-07 -6.45974486625e-11 0 -2.00436459015e-07 0 0) (-7.55390292929e-06 -3.6826445501e-06 0 7.54859083933e-06 0 0) (-7.55362242492e-06 3.68234135639e-06 0 7.54829807404e-06 0 0) (-1.63915834735e-05 -2.4085727697e-06 0 1.63670322976e-05 0 0) (-1.63921765363e-05 2.40821657688e-06 0 1.63676276126e-05 0 0)
0.0222              (6.63348052774e-06 1.02454411818e-10 0 -6.63344030367e-06 0 0) (2.0513088692e-07 -6.77252638779e-11 0 -2.04980062489e-07 0 0) (-7.77398056743e-06 -3.81558645471e-06 0 7.76861617584e-06 0 0) (-7.77370938343e-06 3.81526841513e-06 0 7.76833411292e-06 0 0) (-1.68415106031e-05 -2.52194916144e-06 0 1.68164853951e-05 0 0) (-1.68421469556e-05 2.52159931005e-06 0 1.68171241821e-05 0 0)
0.0224              (6.815993121e-06 1.06583684233e-10 0 -6.81594956932e-06 0 0) (2.09735737379e-07 -7.0996760877e-11 0 -2.09581762082e-07 0 0) (-7.99817441637e-06 -3.95165490547e-06 0 7.9927586433e-06 0 0) (-7.99791438504e-06 3.95132013517e-06 0 7.99248912344e-06 0 0) (-1.72992547704e-05 -2.63832492877e-06 0 1.72737516926e-05 0 0) (-1.72999362156e-05 2.63798121004e-06 0 1.72744357736e-05 0 0)
0.0226              (7.00178392886e-06 1.10903087686e-10 0 -7.00173694169e-06 0 0) (2.14398961168e-07 -7.44110125573e-11 0 -2.14241773918e-07 0 0) (-8.22651940179e-06 -4.09088774036e-06 0 8.22105318742e-06 0 0) (-8.226272261e-06 4.09053460765e-06 0 8.22079795778e-06 0 0) (-1.77648748752e-05 -2.75773803978e-06 0 1.77388901445e-05 0 0) (-1.77656032388e-05 2.75740021285e-06 0 1.77396213595e-05 0 0)
0.0228              (7.19088028039e-06 1.15404450941e-10 0 -7.19082974416e-06 0 0) (2.19120764739e-07 -7.79673342081e-11 0 -2.189603156e-07 0 0) (-8.45905035316e-06 -4.23332286179e-06 0 8.45353465643e-06 0 0) (-8.45881774229e-06 4.23294994988e-06 0 8.45329536626e-06 0 0) (-1.82384297567e-05 -2.88022653883e-06 0 1.82119596485e-05 0 0) (-1.82392068837e-05 2.87989437806e-06 0 1.82127398529e-05 0 0)
0.023               (7.38330945593e-06 1.20080218084e-10 0 -7.38325525152e-06 0 0) (2.23901360466e-07 -8.16650090023e-11 0 -2.23737602464e-07 0 0) (-8.69580200589e-06 -4.37899823082e-06 0 8.69023780558e-06 0 0) (-8.69558546624e-06 4.37860430443e-06 0 8.69001600623e-06 0 0) (-1.87199782012e-05 -3.00582854194e-06 0 1.86930190476e-05 0 0) (-1.87208059328e-05 3.00550186567e-06 0 1.86938500921e-05 0 0)
0.0232              (7.57909868668e-06 1.24923299152e-10 0 -7.57904068994e-06 0 0) (2.28740962499e-07 -8.55032807801e-11 0 -2.28573850632e-07 0 0) (-8.93680900481e-06 -4.52795186353e-06 0 8.93119729834e-06 0 0) (-8.93660998617e-06 4.52753584066e-06 0 8.93099444919e-06 0 0) (-1.92095789345e-05 -3.13458222888e-06 0 1.91821271282e-05 0 0) (-1.92104590921e-05 3.13426091968e-06 0 1.91830108392e-05 0 0)
0.0234              (7.77827515704e-06 1.29926957393e-10 0 -7.77821323741e-06 0 0) (2.33639785382e-07 -8.94813542783e-11 0 -2.33469277215e-07 0 0) (-9.18210590878e-06 -4.6802218291e-06 0 9.17644771312e-06 0 0) (-9.18192577492e-06 4.67978275756e-06 0 9.17626518947e-06 0 0) (-1.97072906195e-05 -3.26652583846e-06 0 1.96793426141e-05 0 0) (-1.97082249907e-05 3.26620985522e-06 0 1.96802807845e-05 0 0)
0.0236              (7.98086600209e-06 1.35084716443e-10 0 -7.98080002348e-06 0 0) (2.3859804741e-07 -9.35984002138e-11 0 -2.38424098831e-07 0 0) (-9.43172719388e-06 -4.83584624803e-06 0 9.42602354623e-06 0 0) (-9.43156723334e-06 4.83538328571e-06 0 9.4258626454e-06 0 0) (-2.02131718516e-05 -3.40169766538e-06 0 2.01847241606e-05 0 0) (-2.02141621865e-05 3.40138704774e-06 0 2.01857185447e-05 0 0)
0.0238              (8.18689831011e-06 1.4039031927e-10 0 -8.18682812972e-06 0 0) (2.43615965892e-07 -9.78535629811e-11 0 -2.43438534366e-07 0 0) (-9.68570725911e-06 -4.99486329117e-06 0 9.67995921462e-06 0 0) (-9.68556869067e-06 4.99437568961e-06 0 9.67982116626e-06 0 0) (-2.07272811503e-05 -3.54013605902e-06 0 2.06983303499e-05 0 0) (-2.07283291623e-05 3.53983092625e-06 0 2.06993826666e-05 0 0)
0.024               (8.39639912124e-06 1.45838983902e-10 0 -8.39632459025e-06 0 0) (2.48693759714e-07 -1.02246191227e-10 0 -2.4851280172e-07 0 0) (-9.94408043803e-06 -5.15731119441e-06 0 9.9382890861e-06 0 0) (-9.94396438237e-06 5.15679825997e-06 0 9.93817500319e-06 0 0) (-2.12496769783e-05 -3.6818794471e-06 0 2.12202197211e-05 0 0) (-2.12507843355e-05 3.68157994951e-06 0 2.12213316266e-05 0 0)
0.0242              (8.60939543022e-06 1.51424488024e-10 0 -8.60931639339e-06 0 0) (2.53831649144e-07 -1.06775397447e-10 0 -2.53647120669e-07 0 0) (-1.02068809802e-05 -5.32322822252e-06 0 1.02010474189e-05 0 0) (-1.02067885108e-05 5.32268933473e-06 0 1.02009583835e-05 0 0) (-2.17804176949e-05 -3.82696628226e-06 0 2.17504506851e-05 0 0) (-2.17815860407e-05 3.82667264595e-06 0 2.1751623825e-05 0 0)
0.0244              (8.825914185e-06 1.5714090491e-10 0 -8.82583048069e-06 0 0) (2.59029854451e-07 -1.11440258622e-10 0 -2.58841711184e-07 0 0) (-1.047414307e-05 -5.4926526898e-06 0 1.04682684142e-05 0 0) (-1.04740752142e-05 5.4920872904e-06 0 1.0468205464e-05 0 0) (-2.23195615773e-05 -3.97543507089e-06 0 2.22890815846e-05 0 0) (-2.23207925331e-05 3.97514758305e-06 0 2.22903175841e-05 0 0)
0.0246              (9.04598228814e-06 1.62982491295e-10 0 -9.04589374809e-06 0 0) (2.64288597483e-07 -1.16239851359e-10 0 -2.64096794522e-07 0 0) (-1.07459008254e-05 -5.66562295784e-06 0 1.07399862089e-05 0 0) (-1.0745858569e-05 5.66503054294e-06 0 1.07399503416e-05 0 0) (-2.2867166822e-05 -4.12732437244e-06 0 2.28361706814e-05 0 0) (-2.28684619898e-05 4.12704337089e-06 0 2.28374711453e-05 0 0)
0.0248              (9.26962659623e-06 1.68943662786e-10 0 -9.26953304664e-06 0 0) (2.6960810068e-07 -1.21173299503e-10 0 -2.69412592134e-07 0 0) (-1.10221883003e-05 -5.84217743453e-06 0 1.10162348791e-05 0 0) (-1.1022172593e-05 5.84155754765e-06 0 1.10162270529e-05 0 0) (-2.34232915433e-05 -4.28267279839e-06 0 2.3391776157e-05 0 0) (-2.3424652506e-05 4.28239866255e-06 0 2.33931426735e-05 0 0)
0.025               (9.49687392122e-06 1.75018908345e-10 0 -9.49677518142e-06 0 0) (2.74988587861e-07 -1.26238886037e-10 0 -2.74789327547e-07 0 0) (-1.13030394899e-05 -6.02235457353e-06 0 1.12970484367e-05 0 0) (-1.13030512448e-05 6.02170679968e-06 0 1.12970695776e-05 0 0) (-2.3987993773e-05 -4.44151901223e-06 0 2.39559561121e-05 0 0) (-2.39894220977e-05 4.44125215379e-06 0 2.39573902511e-05 0 0)
0.0252              (9.72775103168e-06 1.81203010552e-10 0 -9.72764691286e-06 0 0) (2.80430282258e-07 -1.31436867349e-10 0 -2.80227223002e-07 0 0) (-1.15884883262e-05 -6.20619287322e-06 0 1.15824608351e-05 0 0) (-1.1588528429e-05 6.20551683499e-06 0 1.15825118393e-05 0 0) (-2.45613314599e-05 -4.60390172713e-06 0 2.45287685665e-05 0 0) (-2.45628286994e-05 4.60364258586e-06 0 2.45302718846e-05 0 0)
0.0254              (9.96228465054e-06 1.87490742752e-10 0 -9.9621749582e-06 0 0) (2.85933408677e-07 -1.36766118459e-10 0 -2.85726504591e-07 0 0) (-1.18785686838e-05 -6.39373087704e-06 0 1.18725059701e-05 0 0) (-1.18786379927e-05 6.39302622829e-06 0 1.18725877049e-05 0 0) (-2.51433624727e-05 -4.76985970797e-06 0 2.51102714603e-05 0 0) (-2.51449301623e-05 4.76960874098e-06 0 2.5111845496e-05 0 0)
0.0256              (1.02005014585e-05 1.93877031915e-10 0 -1.02003859902e-05 0 0) (2.91498193506e-07 -1.42225643778e-10 0 -2.91287397023e-07 0 0) (-1.21733143811e-05 -6.58500717201e-06 0 1.21672176785e-05 0 0) (-1.21734137287e-05 6.58427359515e-06 0 1.21673309881e-05 0 0) (-2.5734144599e-05 -4.93943176843e-06 0 2.57005226541e-05 0 0) (-2.5735784259e-05 4.93918944722e-06 0 2.57021689295e-05 0 0)
0.0258              (1.04424280929e-05 2.00356927089e-10 0 -1.04423066389e-05 0 0) (2.97124863527e-07 -1.47814523565e-10 0 -2.96910127178e-07 0 0) (-1.24727591792e-05 -6.78006038868e-06 0 1.24666297424e-05 0 0) (-1.24728893768e-05 6.77929759099e-06 0 1.24667754493e-05 0 0) (-2.63337355469e-05 -5.11265677143e-06 0 2.62995799301e-05 0 0) (-2.63354486802e-05 5.11242357717e-06 0 2.63012999514e-05 0 0)
0.026               (1.06880911471e-05 2.06925604027e-10 0 -1.06879634919e-05 0 0) (3.02813646705e-07 -1.53531872532e-10 0 -3.02594922726e-07 0 0) (-1.27769367851e-05 -6.97892920021e-06 0 1.27707758888e-05 0 0) (-1.27770986239e-05 6.97813691083e-06 0 1.2770954795e-05 0 0) (-2.69421929453e-05 -5.28957362742e-06 0 2.69075009922e-05 0 0) (-2.69439810377e-05 5.28935004711e-06 0 2.69092962487e-05 0 0)
0.0262              (1.09375171749e-05 2.13578370381e-10 0 -1.0937383093e-05 0 0) (3.08564772192e-07 -1.59376823219e-10 0 -3.08342011634e-07 0 0) (-1.30858808515e-05 -7.18165232225e-06 0 1.30796897907e-05 0 0) (-1.30860751053e-05 7.1808302893e-06 0 1.30799026806e-05 0 0) (-2.75595743448e-05 -5.47022129475e-06 0 2.7524343469e-05 0 0) (-2.75614388651e-05 5.47000781829e-06 0 2.75262154309e-05 0 0)
0.0264              (1.11907326856e-05 2.20310651452e-10 0 -1.11905919461e-05 0 0) (3.14378468939e-07 -1.65348520093e-10 0 -3.14151624039e-07 0 0) (-1.33996249778e-05 -7.38826851202e-06 0 1.33934050682e-05 0 0) (-1.33998524034e-05 7.38741650033e-06 0 1.33936527104e-05 0 0) (-2.81859372205e-05 -5.65463877837e-06 0 2.81501649118e-05 0 0) (-2.81878796176e-05 5.65443589594e-06 0 2.81521150321e-05 0 0)
0.0266              (1.14477641489e-05 2.27117997434e-10 0 -1.14476165117e-05 0 0) (3.20254969059e-07 -1.71446117451e-10 0 -3.20023989979e-07 0 0) (-1.37182027119e-05 -7.598816568e-06 0 1.37119552904e-05 0 0) (-1.37184640515e-05 7.59793435687e-06 0 1.37122384379e-05 0 0) (-2.88213389689e-05 -5.8428651294e-06 0 2.87850227995e-05 0 0) (-2.88233606746e-05 5.84267332962e-06 0 2.878705251e-05 0 0)
0.0268              (1.17086379932e-05 2.3399608779e-10 0 -1.17084832106e-05 0 0) (3.26194502885e-07 -1.77668778144e-10 0 -3.25959341367e-07 0 0) (-1.40416475498e-05 -7.81333532919e-06 0 1.40353739739e-05 0 0) (-1.40419435315e-05 7.81242271049e-06 0 1.40356933656e-05 0 0) (-2.94658369135e-05 -6.03493944405e-06 0 2.94289745341e-05 0 0) (-2.9467939339e-05 6.03475921254e-06 0 2.94310852497e-05 0 0)
0.027               (1.19733806057e-05 2.40940735092e-10 0 -1.19732184226e-05 0 0) (3.32197304305e-07 -1.84015672467e-10 0 -3.3195791071e-07 0 0) (-1.43699929367e-05 -8.03186367458e-06 0 1.43636945857e-05 0 0) (-1.43703242766e-05 8.03092045126e-06 0 1.43640509482e-05 0 0) (-3.01194883026e-05 -6.23090086334e-06 0 3.00820774468e-05 0 0) (-3.01216728401e-05 6.23073268151e-06 0 3.00842705621e-05 0 0)
0.0272              (1.22420183345e-05 2.47947876259e-10 0 -1.22418484864e-05 0 0) (3.38263607403e-07 -1.90485979437e-10 0 -3.38019931105e-07 0 0) (-1.47032722687e-05 -8.25444052293e-06 0 1.4696950543e-05 0 0) (-1.47036396703e-05 8.25346650732e-06 0 1.46973445911e-05 0 0) (-3.07823503111e-05 -6.43078857256e-06 0 3.07443887959e-05 0 0) (-3.07846183335e-05 6.43063291682e-06 0 3.07466656872e-05 0 0)
0.0274              (1.25145774873e-05 2.55013572201e-10 0 -1.25143997022e-05 0 0) (3.44393646264e-07 -1.97078885588e-10 0 -3.44145638315e-07 0 0) (-1.50415188924e-05 -8.48110483155e-06 0 1.50351752128e-05 0 0) (-1.50419230484e-05 8.48009984448e-06 0 1.5035607651e-05 0 0) (-3.14544800409e-05 -6.6346418002e-06 0 3.14159657694e-05 0 0) (-3.14568329029e-05 6.63449914112e-06 0 3.14183277924e-05 0 0)
0.0276              (1.27910843332e-05 2.62134018818e-10 0 -1.279089833e-05 0 0) (3.50587657736e-07 -2.03793585115e-10 0 -3.50335267312e-07 0 0) (-1.53847661055e-05 -8.71189559669e-06 0 1.53784019157e-05 0 0) (-1.53852076987e-05 8.71085946587e-06 0 1.53788734372e-05 0 0) (-3.21359345236e-05 -6.84249981776e-06 0 3.20968654839e-05 0 0) (-3.21383735602e-05 6.8423706199e-06 0 3.20993139766e-05 0 0)
0.0278              (1.30715651016e-05 2.69305540498e-10 0 -1.30713705909e-05 0 0) (3.56845878865e-07 -2.10629279564e-10 0 -3.56589054845e-07 0 0) (-1.57330471581e-05 -8.94685185207e-06 0 1.57266639235e-05 0 0) (-1.57335268613e-05 8.94578441145e-06 0 1.57271752123e-05 0 0) (-3.28267707189e-05 -7.0544019389e-06 0 3.27871449875e-05 0 0) (-3.28292972467e-05 7.05428666016e-06 0 3.27896812684e-05 0 0)
0.028               (1.33560459842e-05 2.76524581026e-10 0 -1.33558426679e-05 0 0) (3.63168547287e-07 -2.17585176382e-10 0 -3.62907239145e-07 0 0) (-1.60863952524e-05 -9.18601266899e-06 0 1.60799944608e-05 0 0) (-1.60869137296e-05 9.18491375793e-06 0 1.60805461924e-05 0 0) (-3.3527045517e-05 -7.27038751927e-06 0 3.34868612591e-05 0 0) (-3.35296608346e-05 7.27028661087e-06 0 3.34894866296e-05 0 0)
0.0282              (1.36445531342e-05 2.83787713774e-10 0 -1.3644340705e-05 0 0) (3.69555902811e-07 -2.24660475618e-10 0 -3.69290059328e-07 0 0) (-1.64448435446e-05 -9.42941715541e-06 0 1.64384267065e-05 0 0) (-1.64454014512e-05 9.42828661774e-06 0 1.64390195472e-05 0 0) (-3.42368157389e-05 -7.49049595511e-06 0 3.419607121e-05 0 0) (-3.42395211272e-05 7.49040986155e-06 0 3.41987869541e-05 0 0)
0.0284              (1.39371126679e-05 2.9109159448e-10 0 -1.39368908081e-05 0 0) (3.76008185048e-07 -2.31853665508e-10 0 -3.75737754809e-07 0 0) (-1.68084251444e-05 -9.6771044559e-06 0 1.68019937929e-05 0 0) (-1.68090231275e-05 9.67594213922e-06 0 1.68026284012e-05 0 0) (-3.49561381369e-05 -7.71476668402e-06 0 3.49148316863e-05 0 0) (-3.49589348594e-05 7.71469584255e-06 0 3.49176390699e-05 0 0)
0.0286              (1.42337506632e-05 2.98433147691e-10 0 -1.42335190475e-05 0 0) (3.82525636175e-07 -2.39165523209e-10 0 -3.82250567073e-07 0 0) (-1.71771731157e-05 -9.92911375001e-06 0 1.71707288063e-05 0 0) (-1.71778118146e-05 9.92791950598e-06 0 1.71714058341e-05 0 0) (-3.56850693956e-05 -7.94323918196e-06 0 3.56431994643e-05 0 0) (-3.56879587013e-05 7.94318402467e-06 0 3.56460997387e-05 0 0)
0.0288              (1.45344931619e-05 3.05809258885e-10 0 -1.45342514547e-05 0 0) (3.89108498566e-07 -2.46594546472e-10 0 -3.88828738692e-07 0 0) (-1.75511204771e-05 -1.01854842539e-05 0 1.75446647901e-05 0 0) (-1.75518005248e-05 1.0184257936e-05 0 1.75453848803e-05 0 0) (-3.6423666135e-05 -8.17595296696e-06 0 3.63812312584e-05 0 0) (-3.64266492544e-05 8.17591391725e-06 0 3.63842256572e-05 0 0)
0.029               (1.48393661687e-05 3.13216992683e-10 0 -1.4839114025e-05 0 0) (3.95757015386e-07 -2.54139963128e-10 0 -3.9547251293e-07 0 0) (-1.79303002034e-05 -1.04462552172e-05 0 1.79238347421e-05 0 0) (-1.79310222252e-05 1.0444996682e-05 0 1.79245985313e-05 0 0) (-3.7171984906e-05 -8.41294759404e-06 0 3.7128983718e-05 0 0) (-3.71750630553e-05 8.41292506962e-06 0 3.71320734601e-05 0 0)
0.0292              (1.51483939438e-05 3.2106592631e-10 0 -1.51481324681e-05 0 0) (4.02471545261e-07 -2.61879842866e-10 0 -4.02182206174e-07 0 0) (-1.83147394651e-05 -1.07114736812e-05 0 1.8308269427e-05 0 0) (-1.83155118045e-05 1.07101737781e-05 0 1.83090813447e-05 0 0) (-3.79300845638e-05 -8.6542683051e-06 0 3.78865158776e-05 0 0) (-3.79332645406e-05 8.65426607006e-06 0 3.78897070492e-05 0 0)
0.0294              (1.54616053432e-05 3.28891625561e-10 0 -1.54613329851e-05 0 0) (4.09252128851e-07 -2.69778465927e-10 0 -4.08958000206e-07 0 0) (-1.87044803909e-05 -1.0981168604e-05 0 1.86980043989e-05 0 0) (-1.87052989015e-05 1.0979829568e-05 0 1.86988637775e-05 0 0) (-3.86980189537e-05 -8.89994909914e-06 0 3.86538816309e-05 0 0) (-3.87012985773e-05 8.89996459674e-06 0 3.86571726025e-05 0 0)
0.0296              (1.57790235979e-05 3.37128503993e-10 0 -1.57787412195e-05 0 0) (4.16099219323e-07 -2.77878421872e-10 0 -4.15800204408e-07 0 0) (-1.90995472934e-05 -1.1255389044e-05 0 1.90930702515e-05 0 0) (-1.91004191339e-05 1.12540024625e-05 0 1.90939806624e-05 0 0) (-3.9475846234e-05 -9.15003471561e-06 0 3.94311391908e-05 0 0) (-3.9479231225e-05 9.15007054312e-06 0 3.9434535106e-05 0 0)
0.0298              (1.61006755415e-05 3.45718482139e-10 0 -1.61003830318e-05 0 0) (4.23013015237e-07 -2.8621244071e-10 0 -4.22709081879e-07 0 0) (-1.94999756365e-05 -1.15341722616e-05 0 1.94935001466e-05 0 0) (-1.95009042619e-05 1.15327314793e-05 0 1.94944642897e-05 0 0) (-4.02636225481e-05 -9.40456477196e-06 0 4.02183447985e-05 0 0) (-4.02671159425e-05 9.40462142191e-06 0 4.02218487175e-05 0 0)
0.03                (1.64265872749e-05 3.54661652972e-10 0 -1.64262842699e-05 0 0) (4.29993749491e-07 -2.94786478694e-10 0 -4.29684880816e-07 0 0) (-1.99057992264e-05 -1.18175568917e-05 0 1.98993271913e-05 0 0) (-1.99067867189e-05 1.18160564645e-05 0 1.99003470533e-05 0 0) (-4.10614033912e-05 -9.66357871888e-06 0 4.10155540695e-05 0 0) (-4.10650075368e-05 9.66365554677e-06 0 4.10191683452e-05 0 0)
0.0302              (1.67567846711e-05 3.63944902365e-10 0 -1.67564707406e-05 0 0) (4.3704168479e-07 -3.03597393561e-10 0 -4.36727847244e-07 0 0) (-2.03170511349e-05 -1.21055819446e-05 0 2.03105843467e-05 0 0) (-2.03180990517e-05 1.21040171513e-05 0 2.03116614924e-05 0 0) (-4.1869244294e-05 -9.92711586896e-06 0 4.18228226452e-05 0 0) (-4.18729613702e-05 9.92721182232e-06 0 4.18265494518e-05 0 0)
0.0304              (1.70912935181e-05 3.73552510286e-10 0 -1.70909682093e-05 0 0) (4.44157086207e-07 -3.12639992169e-10 0 -4.43838229755e-07 0 0) (-2.07337642003e-05 -1.23982865355e-05 0 2.07273044535e-05 0 0) (-2.07348738505e-05 1.23966532464e-05 0 2.07284402091e-05 0 0) (-4.26872008619e-05 -1.01952155655e-05 0 4.26402062429e-05 0 0) (-4.26910330794e-05 1.01953295082e-05 0 4.26440477852e-05 0 0)
