# Probe 0 (0 0 0.5)
# Probe 1 (1 0 0.5)
# Probe 2 (0 0.9 0.5)
# Probe 3 (0 -0.9 0.5)
# Probe 4 (0 0.95 0.5)
# Probe 5 (0 -0.95 0.5)
# Time              0                   1                   2                   3                   4                   5                  
0                   (0 0 0)             (0 0 0)             (0 0 0)             (0 0 0)             (0 0 0)             (0 0 0)            
0.0002              (8.34657273885e-08 -4.69440729956e-19 0) (9.78878092726e-08 -8.28493432355e-20 0) (1.22223977709e-07 -5.26752034534e-08 0) (1.22223977776e-07 5.2675203504e-08 0) (1.50376783826e-07 -7.32888196776e-08 0) (1.50376783944e-07 7.32888197604e-08 0)
0.0004              (9.93707952875e-08 -2.25503345244e-14 0) (1.15422592439e-07 -2.6022989787e-14 0) (8.89209933888e-08 -3.96036849583e-08 0) (8.8920755371e-08 3.96037608493e-08 0) (7.46884824063e-08 -3.79061069555e-08 0) (7.46886903858e-08 3.79063239705e-08 0)
0.0006              (3.52870567044e-07 -3.55986914327e-14 0) (4.1153872268e-07 -3.54998091904e-14 0) (4.48579952476e-07 -1.93910307617e-07 0) (4.48579773571e-07 1.93910481765e-07 0) (5.10749631807e-07 -2.50104072886e-07 0) (5.10750061172e-07 2.50104396751e-07 0)
0.0008              (8.18879045947e-07 -1.07972671892e-13 0) (9.54035486639e-07 -1.19118770481e-13 0) (9.57453160217e-07 -4.16309505155e-07 0) (9.57452226547e-07 4.16309874566e-07 0) (1.03201602889e-06 -5.08208964905e-07 0) (1.03201706675e-06 5.08209896856e-07 0)
0.001               (1.49268462865e-06 -3.76647794649e-13 0) (1.73477385082e-06 -2.95656127173e-13 0) (1.62381688736e-06 -7.07329967134e-07 0) (1.62381504466e-06 7.07331343739e-07 0) (1.65946334291e-06 -8.20240812698e-07 0) (1.6594670719e-06 8.20244171811e-07 0)
0.0012              (2.37435337796e-06 -7.805429279e-13 0) (2.75278763981e-06 -5.66432223971e-13 0) (2.44705412962e-06 -1.06505985586e-06 0) (2.44705027266e-06 1.06506245963e-06 0) (2.39580747514e-06 -1.18647646256e-06 0) (2.3958144401e-06 1.1864829033e-06 0)
0.0014              (3.46503787849e-06 -1.3172407265e-12 0) (4.00897974577e-06 -9.32075627387e-13 0) (3.42457747174e-06 -1.4876133266e-06 0) (3.42457100276e-06 1.48761734873e-06 0) (3.23978299255e-06 -1.60578241936e-06 0) (3.23979375937e-06 1.60579247822e-06 0)
0.0016              (4.76619114888e-06 -1.97790974303e-12 0) (5.50474840583e-06 -1.3921878354e-12 0) (4.55337140018e-06 -1.97326192643e-06 0) (4.55336173387e-06 1.97326753457e-06 0) (4.18934368877e-06 -2.07689203304e-06 0) (4.18935868599e-06 2.07690617441e-06 0)
0.0018              (6.27936193016e-06 -2.75319068291e-12 0) (7.24163647245e-06 -1.94548676781e-12 0) (5.83038597314e-06 -2.52042433823e-06 0) (5.83037254763e-06 2.52043168196e-06 0) (5.24205319149e-06 -2.59860926511e-06 0) (5.242072795e-06 2.59862789086e-06 0)
0.002               (8.00613022529e-06 -3.63601053139e-12 0) (9.22123152745e-06 -2.59037816126e-12 0) (7.25265047721e-06 -3.12763819724e-06 0) (7.25263277028e-06 3.12764741129e-06 0) (6.39531804686e-06 -3.16978137788e-06 0) (6.39534260303e-06 3.16980483445e-06 0)
0.0022              (9.94808114219e-06 -4.62171684708e-12 0) (1.14451301139e-05 -3.3252920491e-12 0) (8.81731533342e-06 -3.79353983722e-06 0) (8.81729286395e-06 3.79355104232e-06 0) (7.64656317708e-06 -3.78926525976e-06 0) (7.64659299798e-06 3.78929384574e-06 0)
0.0024              (1.21067915761e-05 -5.70719935829e-12 0) (1.39149212093e-05 -4.14867938137e-12 0) (1.05216629234e-05 -4.5168510473e-06 0) (1.0521635249e-05 4.51686435067e-06 0) (8.99333375078e-06 -4.45591982113e-06 0) (8.99336911198e-06 4.45595379251e-06 0)
0.0026              (1.44838224524e-05 -6.89050020181e-12 0) (1.66321771142e-05 -5.05915268005e-12 0) (1.23631064559e-05 -5.29636911399e-06 0) (1.2363073171e-05 5.29638460873e-06 0) (1.0433340488e-05 -5.16861464251e-06 0) (1.04333816279e-05 5.16865421594e-06 0)
0.0028              (1.70807016775e-05 -8.94189114921e-12 0) (1.95984469581e-05 -5.81300907775e-12 0) (1.43391908711e-05 -6.13095706938e-06 0) (1.43391479422e-05 6.13098447905e-06 0) (1.1964469665e-05 -5.92624411514e-06 0) (1.19645284486e-05 5.92630057294e-06 0)
0.003               (1.98989626081e-05 -1.11709859349e-11 0) (2.28152565102e-05 -6.58864148161e-12 0) (1.64475684162e-05 -7.01954143426e-06 0) (1.64475155246e-05 7.01958004083e-06 0) (1.35847774733e-05 -6.72773856834e-06 0) (1.35848585275e-05 6.72781088543e-06 0)
0.0032              (2.29400911234e-05 -1.35109782619e-11 0) (2.62841012724e-05 -7.42754946911e-12 0) (1.86860277561e-05 -7.96110089213e-06 0) (1.86859659218e-05 7.9611501455e-06 0) (1.52924770867e-05 -7.57207423884e-06 0) (1.52925812605e-05 7.57216188921e-06 0)
0.0034              (2.62055486509e-05 -1.5963116165e-11 0) (3.00064470942e-05 -8.34586786915e-12 0) (2.10524704322e-05 -8.9546638277e-06 0) (2.10524001767e-05 8.9547233979e-06 0) (1.70859200954e-05 -8.45827879199e-06 0) (1.70860475194e-05 8.45838151644e-06 0)
0.0036              (2.96967738486e-05 -1.65039330378e-11 0) (3.39837247463e-05 -8.94928261047e-12 0) (2.35448879693e-05 -9.99931040775e-06 0) (2.35447910704e-05 9.99939720668e-06 0) (1.89635615538e-05 -9.38543426536e-06 0) (1.89637836031e-05 9.38557866642e-06 0)
0.0038              (3.34151512592e-05 -1.72261173376e-11 0) (3.82173433119e-05 -9.71825687794e-12 0) (2.61614263259e-05 -1.1094152376e-05 0) (2.61613278519e-05 1.10942662624e-05 0) (2.092400182e-05 -1.03526713118e-05 0) (2.09243050626e-05 1.03528570329e-05 0)
0.004               (3.73620662151e-05 -1.81616527129e-11 0) (4.27086721274e-05 -1.05541709327e-11 0) (2.8900311954e-05 -1.22383482525e-05 0) (2.89002155391e-05 1.22384883936e-05 0) (2.29659127972e-05 -1.13591766139e-05 0) (2.29662929083e-05 1.13594023938e-05 0)
0.0042              (4.15388659237e-05 -1.92566091182e-11 0) (4.74590484274e-05 -1.13951810083e-11 0) (3.17598696486e-05 -1.34310955931e-05 0) (3.17597768523e-05 1.34312613059e-05 0) (2.50880542491e-05 -1.24041853467e-05 0) (2.50885083617e-05 1.24044501922e-05 0)
0.0044              (4.59468652514e-05 -2.04375944622e-11 0) (5.24697767883e-05 -1.22276136739e-11 0) (3.47385176193e-05 -1.46716291395e-05 0) (3.47384295507e-05 1.46718199078e-05 0) (2.72892607202e-05 -1.34869782516e-05 0) (2.72897865664e-05 1.34872813783e-05 0)
0.0046              (5.058734821e-05 -2.16703862797e-11 0) (5.77421288279e-05 -1.30503960749e-11 0) (3.78347615181e-05 -1.59592190497e-05 0) (3.78346790685e-05 1.59594344946e-05 0) (2.95684337909e-05 -1.46068785726e-05 0) (2.95690295028e-05 1.46072193493e-05 0)
0.0048              (5.54615683524e-05 -2.29378183315e-11 0) (6.32773431278e-05 -1.38650774584e-11 0) (4.1047188778e-05 -1.72931693339e-05 0) (4.10471126821e-05 1.7293409172e-05 0) (3.19245358564e-05 -1.57632489066e-05 0) (3.19251998712e-05 1.57636268055e-05 0)
0.005               (6.05707489694e-05 -2.42301188287e-11 0) (6.90766253283e-05 -1.46730252652e-11 0) (4.43744632222e-05 -1.86728163321e-05 0) (4.43743940953e-05 1.86730803451e-05 0) (3.43565849616e-05 -1.69554882079e-05 0) (3.43573159527e-05 1.69559027724e-05 0)
0.0052              (6.59160832605e-05 -2.55404617397e-11 0) (7.51411483056e-05 -1.54748299273e-11 0) (4.78153199097e-05 -2.00975272063e-05 0) (4.78152582728e-05 2.00978152198e-05 0) (3.68636503456e-05 -1.81830289668e-05 0) (3.68644471733e-05 1.8183479791e-05 0)
0.0054              (7.14987345525e-05 -2.68636397692e-11 0) (8.147205244e-05 -1.62704940523e-11 0) (5.1368560312e-05 -2.1566698466e-05 0) (5.13685066147e-05 2.15670103354e-05 0) (3.94448486383e-05 -1.94453346328e-05 0) (3.94457103114e-05 1.94458213485e-05 0)
0.0056              (7.73198365528e-05 -2.8194985801e-11 0) (8.80704459296e-05 -1.70596424597e-11 0) (5.50330477909e-05 -2.30797545067e-05 0) (5.50330024278e-05 2.30800901089e-05 0) (4.20993405091e-05 -2.07418972483e-05 0) (4.21002661559e-05 2.0742419516e-05 0)
0.0058              (8.33804936523e-05 -2.95305313618e-11 0) (9.49374051671e-05 -1.78415772335e-11 0) (5.88077034276e-05 -2.46361461894e-05 0) (5.88076667511e-05 2.46365054175e-05 0) (4.48263277423e-05 -2.20722353155e-05 0) (4.48273165904e-05 2.20727928194e-05 0)
0.006               (8.96817812509e-05 -3.08664693235e-11 0) (0.000102073975144 -1.86154302938e-11 0) (6.26915021467e-05 -2.6235349448e-05 0) (6.26914744785e-05 2.62357322068e-05 0) (4.76250506e-05 -2.34358918502e-05 0) (4.76261019588e-05 2.3436484294e-05 0)
0.0062              (9.62247461336e-05 -3.21993699651e-11 0) (0.000109481169912 -1.93802609733e-11 0) (6.66834691825e-05 -2.78768639556e-05 0) (6.66834508192e-05 2.7877270159e-05 0) (5.04947854925e-05 -2.48324326436e-05 0) (5.04958987428e-05 2.4833059748e-05 0)
0.0064              (0.000103010406857 -3.35260575322e-11 0) (0.000117159973061 -2.01350439376e-11 0) (7.07826767996e-05 -2.95602118262e-05 0) (7.07826680202e-05 2.95606413961e-05 0) (5.34348428208e-05 -2.62614446677e-05 0) (5.3436017403e-05 2.62621061689e-05 0)
0.0066              (0.000110039754168 -3.48436425687e-11 0) (0.000125111338223 -2.08787120532e-11 0) (7.49882412916e-05 -3.12849363802e-05 0) (7.49882423614e-05 3.12853892447e-05 0) (5.6444565021e-05 -2.77225346408e-05 0) (5.64458004291e-05 2.77232302891e-05 0)
0.0068              (0.000117313751472 -3.61493534632e-11 0) (0.000133336189653 -2.16102143224e-11 0) (7.92993202817e-05 -3.30506009892e-05 0) (7.92993314553e-05 3.30510770822e-05 0) (5.95233248293e-05 -2.92153277557e-05 0) (5.9524620604e-05 2.9216057315e-05 0)
0.007               (0.000124833335262 -3.74407505037e-11 0) (0.00014183542274 -2.23283955282e-11 0) (8.37151101155e-05 -3.48567879275e-05 0) (8.37151316404e-05 3.48572871877e-05 0) (6.26705235056e-05 -3.07394664421e-05 0) (6.26718792292e-05 3.0740229689e-05 0)
0.0072              (0.000132599415609 -3.87152989801e-11 0) (0.000150609904599 -2.30322082559e-11 0) (8.82348435822e-05 -3.67030973362e-05 0) (8.82348757012e-05 3.67036197066e-05 0) (6.58855893544e-05 -3.22946093188e-05 0) (6.58870046455e-05 3.22954060418e-05 0)
0.0074              (0.000140612876674 -3.99709474154e-11 0) (0.00015966047469 -2.37205337986e-11 0) (9.28577877916e-05 -3.85891462341e-05 0) (9.28578307425e-05 3.85896916625e-05 0) (6.91679762909e-05 -3.38804302087e-05 0) (6.91694508034e-05 3.38812602086e-05 0)
0.0076              (0.000148874577192 -4.12053217917e-11 0) (0.000168987945398 -2.43922648544e-11 0) (9.75832421572e-05 -4.0514567567e-05 0) (9.75832961755e-05 4.05151360043e-05 0) (7.25171624281e-05 -3.54966172029e-05 0) (7.25186958455e-05 3.54974802911e-05 0)
0.0078              (0.00015738524498 -3.30727860807e-11 0) (0.000178593110067 -2.02231331298e-11 0) (0.000102410354427 -4.24790407276e-05 0) (0.000102410721872 4.24796819903e-05 0) (7.59326287369e-05 -3.71428608491e-05 0) (7.59343896397e-05 3.71438548651e-05 0)
0.008               (0.000166145845211 -2.23044075659e-11 0) (0.000188476713138 -1.62959455508e-11 0) (0.000107338726747 -4.44821906216e-05 0) (0.000107339265626 4.44829094508e-05 0) (7.94138549463e-05 -3.88188740406e-05 0) (7.94158683294e-05 3.88200064824e-05 0)
0.0082              (0.000175157130845 -1.02489965617e-11 0) (0.000198639495812 -1.22837766575e-11 0) (0.000112367688408 -4.65236929204e-05 0) (0.000112368381288 4.65244906502e-05 0) (8.29604315329e-05 -4.05243913341e-05 0) (8.2962690898e-05 4.05256596567e-05 0)
0.0084              (0.000184419853751 2.34959416052e-12 0) (0.000209082170512 -7.96445922653e-12 0) (0.000117496648988 -4.8603237264e-05 0) (0.000117497491196 4.86041140573e-05 0) (8.6571933573e-05 -4.2259153346e-05 0) (8.65744293194e-05 4.22605529719e-05 0)
0.0086              (0.000193934749985 1.51941077879e-11 0) (0.000219805424003 -3.2871255517e-12 0) (0.000122725045117 -5.07205251621e-05 0) (0.000122726033937 5.07214806961e-05 0) (9.02479472506e-05 -4.4022909442e-05 0) (9.02506699538e-05 4.40244353613e-05 0)
0.0088              (0.000203702535523 2.81792496185e-11 0) (0.000230809919188 1.73458946083e-12 0) (0.000128052336368 -5.28752692784e-05 0) (0.000128053469511 5.28763030003e-05 0) (9.39880737442e-05 -4.58154183457e-05 0) (9.39910147304e-05 4.58170656443e-05 0)
0.009               (0.000213723905354 4.12772352534e-11 0) (0.000242096296205 7.07065925303e-12 0) (0.000133478004079 -5.50671929229e-05 0) (0.000133479279425 5.50683041544e-05 0) (9.77919297663e-05 -4.76364480105e-05 0) (9.77950811888e-05 4.76382120584e-05 0)
0.0092              (0.000223999533527 5.44874046519e-11 0) (0.00025366517313 1.26906235728e-11 0) (0.000139001550294 -5.72960295138e-05 0) (0.000139002965853 5.72972175004e-05 0) (0.00010165914727 -4.94857752232e-05 0) (0.000101662502042 4.94876517455e-05 0)
0.0094              (0.000234530073572 6.78175151046e-11 0) (0.00026551714666 1.85679741641e-11 0) (0.000144622496881 -5.95615221264e-05 0) (0.000144624050784 5.95627860623e-05 0) (0.000105589373088 -5.13631852733e-05 0) (0.000105592924783 5.13651703568e-05 0)
0.0096              (0.000245316158951 8.12750883281e-11 0) (0.000277652792675 2.46811705144e-11 0) (0.000150340384527 -6.18634229907e-05 0) (0.000150342075025 6.18647620396e-05 0) (0.000109582268229 -5.32684715128e-05 0) (0.000109586010997 5.32705615963e-05 0)
0.0098              (0.000256358403575 9.48672000894e-11 0) (0.000290072666838 3.10131108656e-11 0) (0.000156154771888 -6.42014930713e-05 0) (0.000156156597345 6.42029063803e-05 0) (0.000113637507295 -5.52014350075e-05 0) (0.000113641435795 5.52036268531e-05 0)
0.01                (0.000267657402279 1.08599161392e-10 0) (0.000302777305143 3.75505716479e-11 0) (0.000162065234674 -6.65755016203e-05 0) (0.000162067193568 6.65769883324e-05 0) (0.000117754777757 -5.71618841257e-05 0) (0.000117758887107 5.71641747893e-05 0)
0.0102              (0.000279213731371 1.22474062692e-10 0) (0.000315767224534 4.42831551171e-11 0) (0.000168071364937 -6.89852258183e-05 0) (0.000168073455848 6.89867850827e-05 0) (0.00012193377945 -5.91496342394e-05 0) (0.000121938065181 5.91520210416e-05 0)
0.0104              (0.000291027949097 1.36494746142e-10 0) (0.000329042923441 5.1203065964e-11 0) (0.000174172770231 -7.14304503704e-05 0) (0.000174174991841 7.14320813519e-05 0) (0.000126174223862 -6.11645073312e-05 0) (0.000126178681893 6.11669878311e-05 0)
0.0106              (0.000303100596161 1.50662640513e-10 0) (0.000342604882361 5.83041500636e-11 0) (0.000180369072951 -7.3910967181e-05 0) (0.000180371424037 7.39126690665e-05 0) (0.000130475833661 -6.32063317137e-05 0) (0.000130480460262 6.32089036871e-05 0)
0.0108              (0.000315432196201 1.64978630285e-10 0) (0.000356453564408 6.55816826619e-11 0) (0.000186659909629 -7.64265750137e-05 0) (0.000186662389059 7.64283470177e-05 0) (0.000134838342118 -6.52749417062e-05 0) (0.000134843133885 6.52776031208e-05 0)
0.011               (0.000328023256269 1.7944321996e-10 0) (0.000370589415837 7.3031897102e-11 0) (0.000193044930293 -7.89770791754e-05 0) (0.00019304753702 7.89789205443e-05 0) (0.000139261492604 -6.73701773425e-05 0) (0.000139266446436 6.73729263444e-05 0)
0.0112              (0.000340874267309 1.94056529933e-10 0) (0.000385012866601 8.06517963203e-11 0) (0.000199523797885 -8.15622912372e-05 0) (0.000199526530946 8.15642012522e-05 0) (0.000143745038154 -6.94918841205e-05 0) (0.000143750151229 6.94947190166e-05 0)
0.0114              (0.000353985704625 2.08818069862e-10 0) (0.000399724330858 8.84389553602e-11 0) (0.000206096187672 -8.4182028749e-05 0) (0.000206099046181 8.41840067273e-05 0) (0.000148288740993 -7.16399127339e-05 0) (0.000148294010743 7.16428319761e-05 0)
0.0116              (0.000367358097735 2.52027607001e-10 0) (0.000414724243831 1.36170610276e-10 0) (0.000212761826251 -8.68361090004e-05 0) (0.000212764946212 8.68383092297e-05 0) (0.000152892012604 -7.38141162488e-05 0) (0.000152897900204 7.38173387585e-05 0)
0.0118              (0.000380991859026 3.00328796459e-10 0) (0.000430012940425 1.86873155321e-10 0) (0.000219520031632 -8.95243511274e-05 0) (0.00021952378793 8.95268075234e-05 0) (0.000157554981095 -7.60143216526e-05 0) (0.000157561549749 7.60178899073e-05 0)
0.012               (0.000394887387225 3.5043960153e-10 0) (0.000445590798431 2.37308172526e-10 0) (0.00022637080929 -9.22465936043e-05 0) (0.000226375226177 9.22493227209e-05 0) (0.000162277430731 -7.82404143223e-05 0) (0.000162284688211 7.82443319193e-05 0)
0.0122              (0.000409045094594 4.01381620699e-10 0) (0.00046145817698 2.86863564755e-10 0) (0.000233313921449 -9.50026783529e-05 0) (0.000233318982585 9.50056873482e-05 0) (0.000167059174979 -8.04922716066e-05 0) (0.000167067105303 8.04965308827e-05 0)
0.0124              (0.000423465383645 4.52749636467e-10 0) (0.000477615419611 3.3554877722e-10 0) (0.000240349106084 -9.77924512343e-05 0) (0.000240354790437 9.77957416351e-05 0) (0.000171900023513 -8.27697702707e-05 0) (0.000171908604114 8.27743597132e-05 0)
0.0126              (0.000438148644688 5.04344950062e-10 0) (0.000494062856244 3.83527285191e-10 0) (0.000247476104052 -0.000100615762197 0) (0.00024748239148 0.000100619332148 0) (0.000176799788202 -8.50727893949e-05 0) (0.000176808995296 8.50776963223e-05 0)
0.0128              (0.000453095255638 5.56063726709e-10 0) (0.000510800804093 4.30971425505e-10 0) (0.000254694663637 -0.000103472465254 0) (0.000254701535689 0.00010347631088 0) (0.000181758285386 -8.74012111438e-05 0) (0.000181768095856 8.74064228481e-05 0)
0.013               (0.000468305582205 6.0785024911e-10 0) (0.000527829568184 4.7802220889e-10 0) (0.000262004541277 -0.000106362418375 0) (0.000262011981121 0.000106366534629 0) (0.000186775336814 -8.97549208912e-05 0) (0.00018678572879 8.97604251734e-05 0)
0.0132              (0.000483779978266 6.59672383954e-10 0) (0.000545149441873 5.24785421138e-10 0) (0.000269405501641 -0.00010928548343 0) (0.000269413493845 0.000109289864624 0) (0.000191850770115 -9.21338072713e-05 0) (0.000191861723073 9.21395926839e-05 0)
0.0134              (0.000499518786123 7.11515279554e-10 0) (0.000562760707169 5.71352691918e-10 0) (0.000276897317226 -0.000112241526006 0) (0.000276905847559 0.000112246166149 0) (0.000196984418573 -9.45377620168e-05 0) (0.000196995913288 9.45438179373e-05 0)
0.0136              (0.000515522336958 7.63366100117e-10 0) (0.000580663635244 6.17760400644e-10 0) (0.000284479768266 -0.000115230415374 0) (0.00028448882357 0.000115235308396 0) (0.000202176121251 -9.69666800225e-05 0) (0.000202188139754 9.69729966472e-05 0)
0.0138              (0.000531790951058 8.15225905106e-10 0) (0.000598858486704 6.64075414858e-10 0) (0.000292152642229 -0.000118252024273 0) (0.000292162210255 0.000118257164161 0) (0.000207425722475 -9.94204590951e-05 0) (0.00020743824794 9.94270273919e-05 0)
0.014               (0.000548324938244 8.67094444795e-10 0) (0.000617345512032 7.10331352568e-10 0) (0.000299915733716 -0.000121306228876 0) (0.00029992580306 0.000121311609767 0) (0.000212733071876 -0.000101898999998 0) (0.000212746088608 0.000101905811649 0)
0.0142              (0.000565124598149 9.1898132449e-10 0) (0.000636124951952 7.56583331999e-10 0) (0.000307768844096 -0.00012439290863 0) (0.00030777940409 0.000124398524863 0) (0.000218098024015 -0.000104402206266 0) (0.000218111517371 0.000104409253594 0)
0.0144              (0.000582190220532 9.70878061873e-10 0) (0.000655197037499 8.02796965259e-10 0) (0.000315711781231 -0.00012751194614 0) (0.00031572282194 0.000127517792303 0) (0.000223520438186 -0.00010692998411 0) (0.000223534394593 0.000106937260046 0)
0.0146              (0.000599522883403 1.05686285876e-09 0) (0.000674561971731 9.20964951187e-10 0) (0.000323742907147 -0.000130663093518 0) (0.000323756460787 0.000130669632762 0) (0.000228999454777 -0.000109482311178 0) (0.000229014979218 0.000109490093907 0)
0.0148              (0.000617121743084 1.14831756589e-09 0) (0.000694220034723 1.04222215653e-09 0) (0.000331864116416 -0.000133846335057 0) (0.000331879594916 0.000133853637698 0) (0.000234535552308 -0.000112058950968 0) (0.000234552755129 0.000112067351784 0)
0.015               (0.000634987301204 1.24198323109e-09 0) (0.000714171395407 1.16232043486e-09 0) (0.000340074719245 -0.00013706158591 0) (0.000340091958122 0.000137069664491 0) (0.000240128734679 -0.000114659852884 0) (0.000240147584219 0.000114668896646 0)
0.0152              (0.00065311985888 1.33621430859e-09 0) (0.000734416238799 1.2808672604e-09 0) (0.000348374478987 -0.000140308749633 0) (0.000348393382336 0.000140317594717 0) (0.000245778897326 -0.000117284949592 0) (0.000245799326721 0.000117294631046 0)
0.0154              (0.000671519673473 1.43100123356e-09 0) (0.000754954750997 1.39774922862e-09 0) (0.000356763219997 -0.000143587726269 0) (0.000356783712012 0.000143597317789 0) (0.000251485923537 -0.000119934167416 0) (0.000251507859949 0.00011994447033 0)
0.0156              (0.000690186985939 1.52612198527e-09 0) (0.000775787113185 1.51324794805e-09 0) (0.000365240780986 -0.000146898417449 0) (0.000365262796154 0.000146908731702 0) (0.000257249696044 -0.00012260743202 0) (0.000257273068218 0.000122618335562 0)
0.0158              (0.000709122027096 1.62141123337e-09 0) (0.000796913499743 1.62763488042e-09 0) (0.000373807007538 -0.00015024072617 0) (0.000373830487525 0.000150251738158 0) (0.000263070099784 -0.000125304669485 0) (0.000263094841017 0.000125316151627 0)
0.016               (0.000728325019441 1.71677590571e-09 0) (0.000818334077865 1.74113025185e-09 0) (0.000382461750584 -0.000153614557389 0) (0.000382486642648 0.00015362624213 0) (0.000268947022906 -0.000128025807017 0) (0.000268973071764 0.000128037845964 0)
0.0162              (0.000747796177789 1.81216897546e-09 0) (0.000840049007652 1.85390455276e-09 0) (0.0003912048658 -0.000157019818143 0) (0.000391231121777 0.000157032151357 0) (0.000274880356996 -0.000130770773059 0) (0.000274907657102 0.000130783347909 0)
0.0164              (0.000767535709653 1.90756998359e-09 0) (0.0008620584424 1.96608614081e-09 0) (0.000400036213341 -0.000160456417588 0) (0.000400063788947 0.000160469376046 0) (0.000280869997157 -0.000133539497403 0) (0.000280898496701 0.00013355258842 0)
0.0166              (0.00078754381555 2.00298166368e-09 0) (0.000884362528961 2.07777095766e-09 0) (0.000408955657691 -0.000163924266994 0) (0.000408984512007 0.000163937828687 0) (0.000286915841973 -0.00013633191128 0) (0.000286945493203 0.000136345499956 0)
0.0168              (0.00080782068923 2.0984115163e-09 0) (0.000906961407908 2.18903517595e-09 0) (0.000417963067465 -0.000167423279688 0) (0.000417993162564 0.000167437423894 0) (0.000293017793288 -0.000139147947371 0) (0.000293048552126 0.000139162016398 0)
0.017               (0.000828366517906 2.19387765878e-09 0) (0.000929855213889 2.29993363467e-09 0) (0.000427058315253 -0.000170953370998 0) (0.000427089615891 0.000170968078287 0) (0.00029917575605 -0.000141987539817 0) (0.00029920758174 0.000142002073015 0)
0.0172              (0.000849181482499 2.28940240004e-09 0) (0.000953044075819 2.41051038858e-09 0) (0.000436241277557 -0.00017451445822 0) (0.000436273750907 0.000174529710425 0) (0.000305389638225 -0.000144850624247 0) (0.000305422493057 0.000144865606483 0)
0.0174              (0.000870265757799 2.38500765161e-09 0) (0.00097652811709 2.5207991354e-09 0) (0.000445511834524 -0.000178106460515 0) (0.000445545449969 0.00017812224068 0) (0.000311659350492 -0.000147737137682 0) (0.000311693199584 0.000147752554799 0)
0.0176              (0.000891619512708 2.48071777115e-09 0) (0.00100030745582 2.63082493765e-09 0) (0.00045486986997 -0.000181729298897 0) (0.000454904598918 0.000181745591222 0) (0.000317984806296 -0.000150647018604 0) (0.000318019617389 0.000150662857343 0)
0.0178              (0.000913242910409 2.57656978433e-09 0) (0.0010243822051 2.74063071016e-09 0) (0.000464315271147 -0.000185382896145 0) (0.000464351086834 0.000185399685911 0) (0.000324365921605 -0.000153580206843 0) (0.000324401664834 0.000153596454779 0)
0.018               (0.000935136108506 2.6725491112e-09 0) (0.00104875247253 2.85018045699e-09 0) (0.000473847928602 -0.000189067176743 0) (0.000473884806091 0.000189084450259 0) (0.000330802614775 -0.000156536643551 0) (0.000330839262676 0.000156553289091 0)
0.0182              (0.000957299259352 2.76871029159e-09 0) (0.00107341836182 2.95951783232e-09 0) (0.000483467736263 -0.000192782066905 0) (0.000483505652075 0.000192799811411 0) (0.000337294806724 -0.000159516271274 0) (0.000337332333752 0.000159533303525 0)
0.0184              (0.00097973251004 2.86506375252e-09 0) (0.00109837997164 3.06864894987e-09 0) (0.000493174591018 -0.000196527494397 0) (0.000493213523215 0.000196545698023 0) (0.000343842420405 -0.000162519033727 0) (0.000343880803055 0.000162536442523 0)
0.0186              (0.00100243600268 2.96163012644e-09 0) (0.00112363739602 3.17759420311e-09 0) (0.000502968392869 -0.000200303388597 0) (0.000503008320878 0.000200322040288 0) (0.000350445381122 -0.000165544875938 0) (0.000350484597666 0.00016556265177 0)
0.0188              (0.00102540987451 3.05841715213e-09 0) (0.00114919072522 3.28632885634e-09 0) (0.000512849044637 -0.000204109680389 0) (0.000512889949192 0.000204128769854 0) (0.000357103616162 -0.000168593744093 0) (0.000357143646563 0.000168611878084 0)
0.019               (0.0010486542581 3.15545142258e-09 0) (0.00117504004507 3.39491702909e-09 0) (0.000522816452016 -0.000207946302153 0) (0.000522858314998 0.000207965819797 0) (0.000363817054952 -0.000171665585585 0) (0.000363857880641 0.000171684069438 0)
0.0192              (0.00107216928149 3.25270995288e-09 0) (0.00120118543762 3.50310412358e-09 0) (0.000532870523374 -0.000211813187716 0) (0.00053291332788 0.000211833124608 0) (0.000370585628825 -0.000174760348942 0) (0.000370627232766 0.000174779174948 0)
0.0194              (0.00109595506826 3.35027126896e-09 0) (0.00122762698079 3.61146479615e-09 0) (0.000543011169723 -0.000215710272273 0) (0.000543054899709 0.000215730620062 0) (0.000377409271045 -0.000177877983791 0) (0.000377451637256 0.000177897144683 0)
0.0196              (0.00112001173781 3.44808262768e-09 0) (0.00125436474927 3.71948783208e-09 0) (0.000553238304533 -0.000219637492411 0) (0.000553282945132 0.00021965824333 0) (0.000384287916638 -0.000181018440844 0) (0.0003843310306 0.00018103792993 0)
0.0198              (0.00114433940535 3.54617079598e-09 0) (0.00128139881396 3.82731047117e-09 0) (0.000563551843732 -0.000223594785997 0) (0.000563597380891 0.000223615932787 0) (0.000391221502422 -0.000184181671838 0) (0.00039126535056 0.000184201482836 0)
0.02                (0.00116893818211 3.64454041834e-09 0) (0.00130872924233 3.93494252552e-09 0) (0.000573951705615 -0.000227582092204 0) (0.000573998126145 0.000227603628088 0) (0.000398209966945 -0.000187367629558 0) (0.000398254536712 0.000187387756618 0)
0.0202              (0.00119380817551 3.74319671624e-09 0) (0.00133635609865 4.04239798107e-09 0) (0.000584437810789 -0.000231599351465 0) (0.000584485102302 0.000231621270111 0) (0.000405253250449 -0.000190576267799 0) (0.000405298530218 0.000190596705464 0)
0.0204              (0.00121894948914 3.84214148346e-09 0) (0.00136427944391 4.14967289464e-09 0) (0.000595010081924 -0.000235646505369 0) (0.000595058232777 0.000235668800861 0) (0.000412351294595 -0.000193807541237 0) (0.000412397273583 0.000193828284421 0)
0.0206              (0.00124436222305 3.94137881213e-09 0) (0.00139249933614 4.25675921241e-09 0) (0.000605668443996 -0.000239723496757 0) (0.000605717443231 0.000239746163559 0) (0.000419504042834 -0.000197061405603 0) (0.000419550711026 0.00019708244956 0)
0.0208              (0.00127004647367 4.040902537e-09 0) (0.00142101583031 4.36367470651e-09 0) (0.000616412823785 -0.000243830269515 0) (0.000616462661117 0.00024385330245 0) (0.00042671143977 -0.000200337817382 0) (0.000426758787883 0.00020035915769 0)
0.021               (0.00129600233416 4.14071861049e-09 0) (0.00144982897866 4.47039596139e-09 0) (0.000627243150338 -0.000247966768752 0) (0.00062729381606 0.00024799016297 0) (0.000433973431845 -0.00020363673413 0) (0.00043402145121 0.000203658366648 0)
0.0212              (0.0013222298943 4.24082361339e-09 0) (0.00147893883063 4.57693181783e-09 0) (0.00063815935441 -0.000252132940583 0) (0.000638210839393 0.000252156691544 0) (0.000441289966583 -0.000206958114123 0) (0.000441338649144 0.000206980034992 0)
0.0214              (0.00134872924071 4.34121424935e-09 0) (0.00150834543302 4.68327971025e-09 0) (0.000649161368684 -0.00025632873221 0) (0.00064921366433 0.000256352835656 0) (0.000448660992973 -0.000210301916537 0) (0.00044871033123 0.000210324122148 0)
0.0216              (0.00137549988864 4.43698204368e-09 0) (0.00153804881673 4.86621277402e-09 0) (0.000660248804826 -0.000260553682278 0) (0.000660304453426 0.000260579318699 0) (0.000456084855804 -0.000213668048322 0) (0.000456137508343 0.000213690921688 0)
0.0218              (0.00140254325541 4.55943981992e-09 0) (0.00156804905888 5.04326615107e-09 0) (0.000671421084881 -0.000264808087646 0) (0.000671480454072 0.000264835344485 0) (0.000463563131822 -0.000217056398161 0) (0.00046361926504 0.000217080191315 0)
0.022               (0.00142985880663 4.69961438764e-09 0) (0.00159834618726 5.21933752289e-09 0) (0.000682678948469 -0.00026909195361 0) (0.000682741888277 0.000269120814933 0) (0.000471095813859 -0.000220466995285 0) (0.000471155339109 0.000220491807546 0)
0.0222              (0.00145744649253 4.8482768202e-09 0) (0.001628940235 5.39677322104e-09 0) (0.000694022414739 -0.000273405244658 0) (0.000694088748189 0.000273435661628 0) (0.00047868288172 -0.000223899826538 0) (0.000478745628835 0.000223925687755 0)
0.0224              (0.00148530635443 5.00080158762e-09 0) (0.00165983123424 5.57589453268e-09 0) (0.00070545143145 -0.000277747917235 0) (0.000705520992267 0.000277779827968 0) (0.000486324292775 -0.000227354867948 0) (0.000486390077274 0.000227381774018 0)
0.0226              (0.00151343845346 5.15516264965e-09 0) (0.001691019216 5.75664159519e-09 0) (0.0007169659386 -0.000282119925836 0) (0.000717038574129 0.000282153264513 0) (0.00049401999826 -0.000230832091711 0) (0.000494088643048 0.000230860021213 0)
0.0228              (0.00154184285408 5.31068730265e-09 0) (0.00172250420964 5.93842915461e-09 0) (0.000728565876931 -0.00028652122463 0) (0.000728641447022 0.000286555925919 0) (0.000501769948583 -0.00023433146817 0) (0.000501841290197 0.000234360390802 0)
0.023               (0.00157051962009 5.46714207268e-09 0) (0.00175428624322 6.120984039e-09 0) (0.000740251188438 -0.000290951768093 0) (0.000740329564753 0.000290987769336 0) (0.000509574094467 -0.00023785296638 0) (0.000509647984689 0.000237882847969 0)
0.0232              (0.00159946881346 5.62451328485e-09 0) (0.00178636534336 6.30403228023e-09 0) (0.000752021817056 -0.000295411511347 0) (0.000752102881773 0.000295448753521 0) (0.000517432388574 -0.000241396554846 0) (0.00051750869308 0.000241427360062 0)
0.0234              (0.00162869049404 5.78285458886e-09 0) (0.00181874153501 6.48734595412e-09 0) (0.000763877708337 -0.000299900410227 0) (0.000763961353105 0.000299938838272 0) (0.000525344785339 -0.000244962201757 0) (0.000525423382078 0.00024499389564 0)
0.0236              (0.00165818471953 5.94222833746e-09 0) (0.00185141484158 6.67074290419e-09 0) (0.000775818809522 -0.000304418421412 0) (0.000775904934569 0.000304457984247 0) (0.000533311241162 -0.000248549875403 0) (0.000533392018842 0.000248582424146 0)
0.0238              (0.00168795154545 6.10268975029e-09 0) (0.00188438528471 6.85407677686e-09 0) (0.00078784506917 -0.000308965502311 0) (0.000787933582472 0.000309006152682 0) (0.00054133171384 -0.000252159544163 0) (0.000541414570681 0.00025219291548 0)
0.024               (0.00171799102571 6.26310460052e-09 0) (0.00191765288411 7.03740331812e-09 0) (0.000799956436392 -0.000313541614511 0) (0.000800047252946 0.000313583306507 0) (0.000549406160885 -0.000255791175827 0) (0.000549491002263 0.000255825348045 0)
0.0242              (0.00174830321112 6.42539436769e-09 0) (0.00195121765851 7.22045795549e-09 0) (0.00081215286381 -0.000318146711949 0) (0.000812245904447 0.000318189407835 0) (0.000557534545629 -0.000259444740771 0) (0.000557621285077 0.000259479681979 0)
0.0244              (0.00177888815106 6.58894019673e-09 0) (0.00198507962483 7.40315302482e-09 0) (0.000824434303829 -0.00032278075548 0) (0.000824529495609 0.000322824418571 0) (0.000565716829399 -0.000263120208203 0) (0.000565805388447 0.000263155890272 0)
0.0246              (0.00180974589292 6.75365125297e-09 0) (0.00201923879838 7.58542515764e-09 0) (0.000836800710111 -0.000327443705712 0) (0.000836897985486 0.000327488301871 0) (0.000573952974765 -0.000266817548134 0) (0.000574043281561 0.000266853944844 0)
0.0248              (0.00184087648219 6.91951270897e-09 0) (0.00205369519303 7.767202779e-09 0) (0.000849252037636 -0.000332135523867 0) (0.000849351333872 0.000332181021463 0) (0.000582242945553 -0.000270536731102 0) (0.000582334934136 0.000270573817853 0)
0.025               (0.00187227996254 7.08636587468e-09 0) (0.00208844882093 7.94895860806e-09 0) (0.000861788242366 -0.000336856171787 0) (0.000861889501583 0.000336902541563 0) (0.000590586706366 -0.000274277728045 0) (0.000590680316692 0.000274315481891 0)
0.0252              (0.00190395637616 7.25456700959e-09 0) (0.00212349969468 8.12927813029e-09 0) (0.000874409281916 -0.00034160561208 0) (0.0008745124489 0.000341652826821 0) (0.000598984223412 -0.000278040510604 0) (0.000599079398688 0.000278078909564 0)
0.0254              (0.00193590576291 7.42373381569e-09 0) (0.00215884782309 8.30941538079e-09 0) (0.000887115114095 -0.000346383807723 0) (0.00088722013889 0.000346431842311 0) (0.000607435462619 -0.000281825050416 0) (0.000607532152698 0.000281864074456 0)
0.0256              (0.00196812816143 7.59393416908e-09 0) (0.00219449321491 8.4890324739e-09 0) (0.00089990569835 -0.00035119072253 0) (0.00090001253375 0.000351239553618 0) (0.00061594039165 -0.000285631319959 0) (0.000616038549538 0.000285670950069 0)
0.0258              (0.00200062360855 7.76514616089e-09 0) (0.00223043587759 8.66804080141e-09 0) (0.000912780994789 -0.000356026320796 0) (0.000912889596727 0.000356075926712 0) (0.000624498978482 -0.000289459291946 0) (0.000624598561028 0.000289499510366 0)
0.026               (0.00203339213965 7.93733175296e-09 0) (0.00226667581757 8.84641770625e-09 0) (0.000925740964743 -0.000360890567523 0) (0.00092585129208 0.000360940928132 0) (0.000633111192242 -0.00029330893971 0) (0.000633212159837 0.000293349729871 0)
0.0262              (0.00206643378845 8.11045272365e-09 0) (0.00230321304002 9.02415629401e-09 0) (0.000938785570146 -0.000365783428163 0) (0.000938897584453 0.000365834524742 0) (0.000641777002359 -0.000297180236808 0) (0.000641879318612 0.000297221583262 0)
0.0264              (0.00209974858723 8.28446925389e-09 0) (0.00234004754907 9.20125180163e-09 0) (0.000951914773989 -0.00037070486881 0) (0.000952028439326 0.000370756683932 0) (0.000650496379252 -0.000301073157356 0) (0.000650600010677 0.0003011150457 0)
0.0266              (0.00213333656678 8.45934063172e-09 0) (0.00237717934776 9.37769954953e-09 0) (0.000965128540005 -0.000375654856061 0) (0.000965243822746 0.000375707373496 0) (0.000659269293862 -0.000304987675809 0) (0.000659374209626 0.000305030092625 0)
0.0268              (0.00216719775653 8.63502621561e-09 0) (0.00241460843822 9.55349565384e-09 0) (0.000978426832874 -0.000380633357113 0) (0.000978543701531 0.000380686561733 0) (0.000668095717968 -0.000308923767117 0) (0.00066820188965 0.000308966699904 0)
0.027               (0.00220133218454 8.81148432908e-09 0) (0.00245233482156 9.72863707462e-09 0) (0.000991809617985 -0.000385640339655 0) (0.00099192804306 0.000385694217344 0) (0.000676975623859 -0.000312881406569 0) (0.000677083025239 0.000312924843685 0)
0.0272              (0.00223573987748 8.98867483106e-09 0) (0.00249035849791 9.90312179708e-09 0) (0.00100527686144 -0.000390675771867 0) (0.00100539681528 0.000390730309446 0) (0.000685908984379 -0.000316860569814 0) (0.000686017591241 0.000316904500415 0)
0.0274              (0.00227042086081 9.16655720988e-09 0) (0.00252867946657 1.00769487281e-08 0) (0.00101882853024 -0.0003957396225 0) (0.0010189499869 0.000395794807658 0) (0.000694895773179 -0.000320861232988 0) (0.000695005563129 0.000320905646977 0)
0.0276              (0.00230537515866 9.3450913362e-09 0) (0.00256729772591 1.02501175879e-08 0) (0.00103246459193 -0.00040083186073 0) (0.00103258752708 0.000400887681952 0) (0.00070393596425 -0.000324883372494 0) (0.000704046916557 0.000324928260458 0)
0.0278              (0.00234060279401 9.52423797938e-09 0) (0.00260621327351 1.04226291609e-08 0) (0.00104618501492 -0.000405952456278 0) (0.00104630940567 0.00040600890279 0) (0.000713029532347 -0.000328926965199 0) (0.000713141627797 0.000328972318368 0)
0.028               (0.00237610378854 9.70395888366e-09 0) (0.00264542610605 1.05944851244e-08 0) (0.00105998976809 -0.00041110137926 0) (0.00106011559295 0.000411158440973 0) (0.000722176452523 -0.000332991988217 0) (0.000722289673278 0.000333037798412 0)
0.0282              (0.00241187816295 9.88421316329e-09 0) (0.00268493621955 1.07656925203e-08 0) (0.00107387882125 -0.000416278600363 0) (0.00107400605999 0.000416336267818 0) (0.000731376700685 -0.000337078419181 0) (0.000731491030178 0.000337124678768 0)
0.0284              (0.0024479259367 1.00648781512e-08 0) (0.00272474360963 1.09365677948e-08 0) (0.00108785214437 -0.000421484090602 0) (0.00108798077822 0.000421542354956 0) (0.000740630252666 -0.000341186235833 0) (0.00074074567576 0.00034123293777 0)
0.0286              (0.00248424712806 1.02462274172e-08 0) (0.00276484826963 1.11059732187e-08 0) (0.00110190970914 -0.000426717821561 0) (0.00110203971941 0.000426776674414 0) (0.000749937086136 -0.000345315416669 0) (0.000750053587527 0.000345362554028 0)
0.0288              (0.00252084175443 1.0427857412e-08 0) (0.00280525019363 1.1275298891e-08 0) (0.00111605148608 -0.00043197976511 0) (0.00111618285653 0.000432039198696 0) (0.000759297176965 -0.000349465939876 0) (0.000759414744184 0.000349513506694 0)
0.029               (0.00255770983218 1.0609899745e-08 0) (0.00284594937505 1.1443931783e-08 0) (0.00113027744781 -0.000437269893703 0) (0.00113041016231 0.000437329900648 0) (0.0007687105036 -0.000353637784587 0) (0.000768829123798 0.000353685774949 0)
0.0292              (0.00259485268018 1.09244604183e-08 0) (0.00288694608516 1.17645774392e-08 0) (0.00114458465116 -0.000442587387445 0) (0.00114472375737 0.00044264970065 0) (0.000778174014551 -0.000357829891046 0) (0.000778299598139 0.000357879727671 0)
0.0294              (0.00263226603417 1.11330777219e-08 0) (0.00292823949239 1.19322680156e-08 0) (0.00115897971808 -0.00044793366686 0) (0.00115912032643 0.000447996748795 0) (0.000787694046106 -0.000362044185706 0) (0.000787820620132 0.000362094841736 0)
0.0296              (0.00266995558243 1.14548039304e-08 0) (0.00296983060837 1.22500758817e-08 0) (0.00117345526155 -0.000453307343112 0) (0.00117360218329 0.000453372789124 0) (0.000797264152693 -0.000366278837061 0) (0.000797397389559 0.000366331456252 0)
0.0298              (0.00270791725971 1.18051562515e-08 0) (0.00301171874757 1.25715745704e-08 0) (0.00118801542169 -0.00045870898607 0) (0.00118816900819 0.000458776950469 0) (0.000806887625238 -0.000370534605579 0) (0.000807027506269 0.00037058951282 0)
0.03                (0.00274615214506 1.21599919387e-08 0) (0.00305390403698 1.28897323815e-08 0) (0.00120266001408 -0.000464138657011 0) (0.0012028198556 0.000464209152666 0) (0.00081656445185 -0.000374811625226 0) (0.000816710633998 0.000374868876726 0)
0.0302              (0.00278466052137 1.25158390404e-08 0) (0.00309638651822 1.32041142111e-08 0) (0.00121738880979 -0.00046959636473 0) (0.0012175545684 0.000469669345918 0) (0.000826294585379 -0.000379109909258 0) (0.000826446659225 0.000379169461763 0)
0.0304              (0.00282344245644 1.28726913365e-08 0) (0.00313916619375 1.35148835199e-08 0) (0.00123220173593 -0.000475082101226 0) (0.00123237309764 0.000475157492513 0) (0.000836077983203 -0.000383429447314 0) (0.000836235549561 0.000383491216003 0)
