0 0
0.2 110.093154722
0.4 122.534422341
0.6 125.995977054
0.8 126.689832504
1 126.801908223
1.2 126.820494335
1.4 126.827593468
1.6 126.832682797
1.8 126.836106254
2 126.838059185
2.2 126.83902124
2.4 126.839436013
2.6 126.839591868
2.8 126.839641687
3 126.839654431
3.2 126.839656731
3.4 126.83965702
3.6 126.839657233
3.8 126.839657499
4 126.839657736
4.2 126.839657878
4.4 126.839657939
4.6 126.839657958
4.8 126.839657946
5 126.839657949
5.2 126.83965795
5.4 126.839657949
5.6 126.839657949
5.8 126.839657948
6 126.839657948
