0 0
0.2 129.595248075
0.4 131.73885985
0.6 131.786004118
0.8 131.805117091
1 131.810899005
1.2 131.812674004
1.4 131.813227796
1.6 131.813403298
1.8 131.813459513
2 131.813477653
2.2 131.813483536
2.4 131.813485454
2.6 131.813486081
2.8 131.813486286
3 131.813486353
3.2 131.813486375
3.4 131.813486381
3.6 131.813486382
3.8 131.813486383
4 131.813486383
4.2 131.813486383
4.4 131.813486383
4.6 131.813486383
4.8 131.813486383
5 131.813486383
5.2 131.813486383
5.4 131.813486383
5.6 131.813486383
5.8 131.813486383
6 131.813486383
