0 0
0.2 122.816897406
0.4 129.730948623
0.6 130.400740501
0.8 130.42750429
1 130.428058852
1.2 130.427266469
1.4 130.426929997
1.6 130.426834079
1.8 130.426812592
2 130.426809924
2.2 130.426810304
2.4 130.426810652
2.6 130.426810776
2.8 130.426810808
3 130.426810812
3.2 130.426810809
3.4 130.426810809
3.6 130.426810809
3.8 130.426810809
4 130.426810809
4.2 130.426810809
4.4 130.426810809
4.6 130.426810809
4.8 130.426810809
5 130.426810809
5.2 130.426810809
5.4 130.426810809
5.6 130.426810809
5.8 130.426810809
6 130.426810809
6.2 130.426810809
6.4 130.426810809
6.6 130.426810809
6.8 130.426810809
7 130.426810809
7.2 130.426810809
7.4 130.426810809
7.6 130.426810809
7.8 130.426810809
8 130.426810809
8.2 130.426810809
8.4 130.426810809
8.6 130.426810809
8.8 130.426810809
9 130.426810809
9.2 130.426810809
9.4 130.426810809
9.6 130.426810809
9.8 130.426810809
10 130.426810809
