0 0
0.1 86.8265676328
0.2 87.9407752296
0.3 91.5512145757
0.4 94.8312816075
0.5 97.5061317978
0.6 99.6211258838
0.7 101.281039001
0.8 102.593683806
0.9 103.65321336
1 104.535575547
1.1 105.298975849
1.2 105.986007732
1.3 106.626438049
1.4 107.239893851
1.5 107.838161814
1.6 108.427330161
1.7 109.009413756
1.8 109.583830861
1.9 110.148563234
2 110.700936237
2.1 111.238178082
2.2 111.7578897
2.3 112.258057344
2.4 112.737210627
2.5 113.194553533
2.6 113.629776967
2.7 114.042836598
2.8 114.43402444
2.9 114.803887122
3 115.153146836
3.1 115.482533186
3.2 115.792879244
3.3 116.085048592
3.4 116.359937401
3.5 116.618440613
3.6 116.861427647
3.7 117.089764094
3.8 117.304214062
3.9 117.505519869
4 117.694459727
4.1 117.871742487
4.2 118.038047152
4.3 118.194027614
4.4 118.340321884
4.5 118.477460497
4.6 118.605957744
4.7 118.726308566
4.8 118.838983052
4.9 118.944452763
5 119.043195878
5.1 119.13566221
5.2 119.222263011
5.3 119.303363461
5.4 119.379306667
5.5 119.450400865
5.6 119.516931205
5.7 119.579170645
5.8 119.637366336
5.9 119.691758483
6 119.742598273
6.1 119.790137784
6.2 119.834622852
6.3 119.876273999
6.4 119.915290393
6.5 119.951846071
6.6 119.986098918
6.7 120.01819094
6.8 120.048261121
6.9 120.076437818
7 120.102838536
7.1 120.127574107
7.2 120.150744624
7.3 120.172446265
7.4 120.192765992
7.5 120.211782231
7.6 120.229560575
7.7 120.24616399
7.8 120.261623342
7.9 120.275986289
8 120.289340834
8.1 120.301775984
8.2 120.313365079
8.3 120.324166252
8.4 120.334228821
8.5 120.343542375
8.6 120.35205055
8.7 120.359714482
8.8 120.366551879
8.9 120.372608106
9 120.377928587
9.1 120.382563757
9.2 120.386559319
9.3 120.389960232
9.4 120.392808422
9.5 120.395146588
9.6 120.397017362
9.7 120.398459616
9.8 120.399512624
9.9 120.400212467
10 120.400592705
