0 0
0.2 102.610419073
0.4 115.73810296
0.6 120.93450646
0.8 122.594775916
1 123.104000411
1.2 123.294113869
1.4 123.399036587
1.6 123.472544635
1.8 123.525174365
2 123.560754141
2.2 123.583235209
2.4 123.596612465
2.6 123.604190676
2.8 123.608327723
3 123.610531192
3.2 123.611691377
3.4 123.61230369
3.6 123.612631225
3.8 123.612809715
4 123.61290854
4.2 123.612963626
4.4 123.612994229
4.6 123.613010933
4.8 123.613019802
5 123.613024319
5.2 123.613026527
5.4 123.613027609
5.6 123.613028111
5.8 123.613028342
6 123.613028431
