/*--------------------------------*- C++ -*----------------------------------*\
  =========                 |
  \\      /  F ield         | OpenFOAM: The Open Source CFD Toolbox
   \\    /   O peration     | Website:  https://openfoam.org
    \\  /    A nd           | Version:  9
     \\/     M anipulation  |
\*---------------------------------------------------------------------------*/
FoamFile
{
    format      ascii;
    class       faceList;
    location    "constant/polyMesh";
    object      faces;
}
// * * * * * * * * * * * * * * * * * * * * * * * * * * * * * * * * * * * * * //


1064
(
4(1 10 307 298)
4(9 306 307 10)
4(2 11 308 299)
4(10 307 308 11)
4(3 12 309 300)
4(11 308 309 12)
4(4 13 310 301)
4(12 309 310 13)
4(5 14 311 302)
4(13 310 311 14)
4(6 15 312 303)
4(14 311 312 15)
4(7 16 313 304)
4(15 312 313 16)
4(16 313 314 17)
4(10 19 316 307)
4(18 315 316 19)
4(11 20 317 308)
4(19 316 317 20)
4(12 21 318 309)
4(20 317 318 21)
4(13 22 319 310)
4(21 318 319 22)
4(14 23 320 311)
4(22 319 320 23)
4(15 24 321 312)
4(23 320 321 24)
4(16 25 322 313)
4(24 321 322 25)
4(25 322 323 26)
4(19 28 325 316)
4(27 324 325 28)
4(20 29 326 317)
4(28 325 326 29)
4(21 30 327 318)
4(29 326 327 30)
4(22 31 328 319)
4(30 327 328 31)
4(23 32 329 320)
4(31 328 329 32)
4(24 33 330 321)
4(32 329 330 33)
4(25 34 331 322)
4(33 330 331 34)
4(34 331 332 35)
4(28 37 334 325)
4(36 333 334 37)
4(29 38 335 326)
4(37 334 335 38)
4(30 39 336 327)
4(38 335 336 39)
4(31 40 337 328)
4(39 336 337 40)
4(32 41 338 329)
4(40 337 338 41)
4(33 42 339 330)
4(41 338 339 42)
4(34 43 340 331)
4(42 339 340 43)
4(43 340 341 44)
4(37 46 343 334)
4(45 342 343 46)
4(38 47 344 335)
4(46 343 344 47)
4(39 48 345 336)
4(47 344 345 48)
4(40 49 346 337)
4(48 345 346 49)
4(41 50 347 338)
4(49 346 347 50)
4(42 51 348 339)
4(50 347 348 51)
4(43 52 349 340)
4(51 348 349 52)
4(52 349 350 53)
4(46 55 352 343)
4(54 351 352 55)
4(47 56 353 344)
4(55 352 353 56)
4(48 57 354 345)
4(56 353 354 57)
4(49 58 355 346)
4(57 354 355 58)
4(50 59 356 347)
4(58 355 356 59)
4(51 60 357 348)
4(59 356 357 60)
4(52 61 358 349)
4(60 357 358 61)
4(61 358 359 62)
4(55 64 361 352)
4(63 360 361 64)
4(56 65 362 353)
4(64 361 362 65)
4(57 66 363 354)
4(65 362 363 66)
4(58 67 364 355)
4(66 363 364 67)
4(59 68 365 356)
4(67 364 365 68)
4(60 69 366 357)
4(68 365 366 69)
4(61 70 367 358)
4(69 366 367 70)
4(70 367 368 71)
4(64 73 370 361)
4(72 369 370 73)
4(65 74 371 362)
4(73 370 371 74)
4(66 75 372 363)
4(74 371 372 75)
4(67 76 373 364)
4(75 372 373 76)
4(68 77 374 365)
4(76 373 374 77)
4(69 78 375 366)
4(77 374 375 78)
4(70 79 376 367)
4(78 375 376 79)
4(79 376 377 80)
4(73 82 379 370)
4(81 378 379 82)
4(74 83 380 371)
4(82 379 380 83)
4(75 84 381 372)
4(83 380 381 84)
4(76 85 382 373)
4(84 381 382 85)
4(77 86 383 374)
4(85 382 383 86)
4(78 87 384 375)
4(86 383 384 87)
4(79 88 385 376)
4(87 384 385 88)
4(88 385 386 89)
4(82 91 388 379)
4(90 387 388 91)
4(83 92 389 380)
4(91 388 389 92)
4(84 93 390 381)
4(92 389 390 93)
4(85 94 391 382)
4(93 390 391 94)
4(86 95 392 383)
4(94 391 392 95)
4(87 96 393 384)
4(95 392 393 96)
4(88 97 394 385)
4(96 393 394 97)
4(97 394 395 98)
4(91 100 397 388)
4(99 396 397 100)
4(92 101 398 389)
4(100 397 398 101)
4(93 102 399 390)
4(101 398 399 102)
4(94 103 400 391)
4(102 399 400 103)
4(95 104 401 392)
4(103 400 401 104)
4(96 105 402 393)
4(104 401 402 105)
4(97 106 403 394)
4(105 402 403 106)
4(106 403 404 107)
4(100 109 406 397)
4(108 405 406 109)
4(101 110 407 398)
4(109 406 407 110)
4(102 111 408 399)
4(110 407 408 111)
4(103 112 409 400)
4(111 408 409 112)
4(104 113 410 401)
4(112 409 410 113)
4(105 114 411 402)
4(113 410 411 114)
4(106 115 412 403)
4(114 411 412 115)
4(115 412 413 116)
4(109 118 415 406)
4(117 414 415 118)
4(110 119 416 407)
4(118 415 416 119)
4(111 120 417 408)
4(119 416 417 120)
4(112 121 418 409)
4(120 417 418 121)
4(113 122 419 410)
4(121 418 419 122)
4(114 123 420 411)
4(122 419 420 123)
4(115 124 421 412)
4(123 420 421 124)
4(124 421 422 125)
4(118 127 424 415)
4(126 423 424 127)
4(119 128 425 416)
4(127 424 425 128)
4(120 129 426 417)
4(128 425 426 129)
4(121 130 427 418)
4(129 426 427 130)
4(122 131 428 419)
4(130 427 428 131)
4(123 132 429 420)
4(131 428 429 132)
4(124 133 430 421)
4(132 429 430 133)
4(133 430 431 134)
4(127 136 433 424)
4(135 432 433 136)
4(128 137 434 425)
4(136 433 434 137)
4(129 138 435 426)
4(137 434 435 138)
4(130 139 436 427)
4(138 435 436 139)
4(131 140 437 428)
4(139 436 437 140)
4(132 141 438 429)
4(140 437 438 141)
4(133 142 439 430)
4(141 438 439 142)
4(142 439 440 143)
4(136 145 442 433)
4(144 441 442 145)
4(137 146 443 434)
4(145 442 443 146)
4(138 147 444 435)
4(146 443 444 147)
4(139 148 445 436)
4(147 444 445 148)
4(140 149 446 437)
4(148 445 446 149)
4(141 150 447 438)
4(149 446 447 150)
4(142 151 448 439)
4(150 447 448 151)
4(151 448 449 152)
4(145 154 451 442)
4(153 450 451 154)
4(146 155 452 443)
4(154 451 452 155)
4(147 156 453 444)
4(155 452 453 156)
4(148 157 454 445)
4(156 453 454 157)
4(149 158 455 446)
4(157 454 455 158)
4(150 159 456 447)
4(158 455 456 159)
4(151 160 457 448)
4(159 456 457 160)
4(160 457 458 161)
4(154 163 460 451)
4(162 459 460 163)
4(155 164 461 452)
4(163 460 461 164)
4(156 165 462 453)
4(164 461 462 165)
4(157 166 463 454)
4(165 462 463 166)
4(158 167 464 455)
4(166 463 464 167)
4(159 168 465 456)
4(167 464 465 168)
4(160 169 466 457)
4(168 465 466 169)
4(169 466 467 170)
4(163 172 469 460)
4(171 468 469 172)
4(164 173 470 461)
4(172 469 470 173)
4(165 174 471 462)
4(173 470 471 174)
4(166 175 472 463)
4(174 471 472 175)
4(167 176 473 464)
4(175 472 473 176)
4(168 177 474 465)
4(176 473 474 177)
4(169 178 475 466)
4(177 474 475 178)
4(178 475 476 179)
4(172 181 478 469)
4(180 477 478 181)
4(173 182 479 470)
4(181 478 479 182)
4(174 183 480 471)
4(182 479 480 183)
4(175 184 481 472)
4(183 480 481 184)
4(176 185 482 473)
4(184 481 482 185)
4(177 186 483 474)
4(185 482 483 186)
4(178 187 484 475)
4(186 483 484 187)
4(187 484 485 188)
4(181 190 487 478)
4(189 486 487 190)
4(182 191 488 479)
4(190 487 488 191)
4(183 192 489 480)
4(191 488 489 192)
4(184 193 490 481)
4(192 489 490 193)
4(185 194 491 482)
4(193 490 491 194)
4(186 195 492 483)
4(194 491 492 195)
4(187 196 493 484)
4(195 492 493 196)
4(196 493 494 197)
4(190 199 496 487)
4(198 495 496 199)
4(191 200 497 488)
4(199 496 497 200)
4(192 201 498 489)
4(200 497 498 201)
4(193 202 499 490)
4(201 498 499 202)
4(194 203 500 491)
4(202 499 500 203)
4(195 204 501 492)
4(203 500 501 204)
4(196 205 502 493)
4(204 501 502 205)
4(205 502 503 206)
4(199 208 505 496)
4(207 504 505 208)
4(200 209 506 497)
4(208 505 506 209)
4(201 210 507 498)
4(209 506 507 210)
4(202 211 508 499)
4(210 507 508 211)
4(203 212 509 500)
4(211 508 509 212)
4(204 213 510 501)
4(212 509 510 213)
4(205 214 511 502)
4(213 510 511 214)
4(214 511 512 215)
4(208 217 514 505)
4(216 513 514 217)
4(209 218 515 506)
4(217 514 515 218)
4(210 219 516 507)
4(218 515 516 219)
4(211 220 517 508)
4(219 516 517 220)
4(212 221 518 509)
4(220 517 518 221)
4(213 222 519 510)
4(221 518 519 222)
4(214 223 520 511)
4(222 519 520 223)
4(223 520 521 224)
4(217 226 523 514)
4(225 522 523 226)
4(218 227 524 515)
4(226 523 524 227)
4(219 228 525 516)
4(227 524 525 228)
4(220 229 526 517)
4(228 525 526 229)
4(221 230 527 518)
4(229 526 527 230)
4(222 231 528 519)
4(230 527 528 231)
4(223 232 529 520)
4(231 528 529 232)
4(232 529 530 233)
4(226 235 532 523)
4(234 531 532 235)
4(227 236 533 524)
4(235 532 533 236)
4(228 237 534 525)
4(236 533 534 237)
4(229 238 535 526)
4(237 534 535 238)
4(230 239 536 527)
4(238 535 536 239)
4(231 240 537 528)
4(239 536 537 240)
4(232 241 538 529)
4(240 537 538 241)
4(241 538 539 242)
4(235 244 541 532)
4(243 540 541 244)
4(236 245 542 533)
4(244 541 542 245)
4(237 246 543 534)
4(245 542 543 246)
4(238 247 544 535)
4(246 543 544 247)
4(239 248 545 536)
4(247 544 545 248)
4(240 249 546 537)
4(248 545 546 249)
4(241 250 547 538)
4(249 546 547 250)
4(250 547 548 251)
4(244 253 550 541)
4(252 549 550 253)
4(245 254 551 542)
4(253 550 551 254)
4(246 255 552 543)
4(254 551 552 255)
4(247 256 553 544)
4(255 552 553 256)
4(248 257 554 545)
4(256 553 554 257)
4(249 258 555 546)
4(257 554 555 258)
4(250 259 556 547)
4(258 555 556 259)
4(259 556 557 260)
4(253 262 559 550)
4(261 558 559 262)
4(254 263 560 551)
4(262 559 560 263)
4(255 264 561 552)
4(263 560 561 264)
4(256 265 562 553)
4(264 561 562 265)
4(257 266 563 554)
4(265 562 563 266)
4(258 267 564 555)
4(266 563 564 267)
4(259 268 565 556)
4(267 564 565 268)
4(268 565 566 269)
4(262 271 568 559)
4(270 567 568 271)
4(263 272 569 560)
4(271 568 569 272)
4(264 273 570 561)
4(272 569 570 273)
4(265 274 571 562)
4(273 570 571 274)
4(266 275 572 563)
4(274 571 572 275)
4(267 276 573 564)
4(275 572 573 276)
4(268 277 574 565)
4(276 573 574 277)
4(277 574 575 278)
4(271 280 577 568)
4(279 576 577 280)
4(272 281 578 569)
4(280 577 578 281)
4(273 282 579 570)
4(281 578 579 282)
4(274 283 580 571)
4(282 579 580 283)
4(275 284 581 572)
4(283 580 581 284)
4(276 285 582 573)
4(284 581 582 285)
4(277 286 583 574)
4(285 582 583 286)
4(286 583 584 287)
4(280 289 586 577)
4(281 290 587 578)
4(282 291 588 579)
4(283 292 589 580)
4(284 293 590 581)
4(285 294 591 582)
4(286 295 592 583)
4(0 297 306 9)
4(306 315 18 9)
4(315 324 27 18)
4(324 333 36 27)
4(333 342 45 36)
4(342 351 54 45)
4(351 360 63 54)
4(360 369 72 63)
4(369 378 81 72)
4(378 387 90 81)
4(387 396 99 90)
4(396 405 108 99)
4(405 414 117 108)
4(414 423 126 117)
4(423 432 135 126)
4(432 441 144 135)
4(441 450 153 144)
4(450 459 162 153)
4(459 468 171 162)
4(468 477 180 171)
4(477 486 189 180)
4(486 495 198 189)
4(495 504 207 198)
4(504 513 216 207)
4(513 522 225 216)
4(522 531 234 225)
4(531 540 243 234)
4(540 549 252 243)
4(549 558 261 252)
4(558 567 270 261)
4(567 576 279 270)
4(576 585 288 279)
4(8 17 314 305)
4(314 17 26 323)
4(323 26 35 332)
4(332 35 44 341)
4(341 44 53 350)
4(350 53 62 359)
4(359 62 71 368)
4(368 71 80 377)
4(377 80 89 386)
4(386 89 98 395)
4(395 98 107 404)
4(404 107 116 413)
4(413 116 125 422)
4(422 125 134 431)
4(431 134 143 440)
4(440 143 152 449)
4(449 152 161 458)
4(458 161 170 467)
4(467 170 179 476)
4(476 179 188 485)
4(485 188 197 494)
4(494 197 206 503)
4(503 206 215 512)
4(512 215 224 521)
4(521 224 233 530)
4(530 233 242 539)
4(539 242 251 548)
4(548 251 260 557)
4(557 260 269 566)
4(566 269 278 575)
4(575 278 287 584)
4(584 287 296 593)
4(0 1 298 297)
4(1 2 299 298)
4(2 3 300 299)
4(3 4 301 300)
4(4 5 302 301)
4(5 6 303 302)
4(6 7 304 303)
4(7 8 305 304)
4(288 585 586 289)
4(289 586 587 290)
4(290 587 588 291)
4(291 588 589 292)
4(292 589 590 293)
4(293 590 591 294)
4(294 591 592 295)
4(295 592 593 296)
4(0 9 10 1)
4(9 18 19 10)
4(18 27 28 19)
4(27 36 37 28)
4(36 45 46 37)
4(45 54 55 46)
4(54 63 64 55)
4(63 72 73 64)
4(72 81 82 73)
4(81 90 91 82)
4(90 99 100 91)
4(99 108 109 100)
4(108 117 118 109)
4(117 126 127 118)
4(126 135 136 127)
4(135 144 145 136)
4(144 153 154 145)
4(153 162 163 154)
4(162 171 172 163)
4(171 180 181 172)
4(180 189 190 181)
4(189 198 199 190)
4(198 207 208 199)
4(207 216 217 208)
4(216 225 226 217)
4(225 234 235 226)
4(234 243 244 235)
4(243 252 253 244)
4(252 261 262 253)
4(261 270 271 262)
4(270 279 280 271)
4(279 288 289 280)
4(1 10 11 2)
4(10 19 20 11)
4(19 28 29 20)
4(28 37 38 29)
4(37 46 47 38)
4(46 55 56 47)
4(55 64 65 56)
4(64 73 74 65)
4(73 82 83 74)
4(82 91 92 83)
4(91 100 101 92)
4(100 109 110 101)
4(109 118 119 110)
4(118 127 128 119)
4(127 136 137 128)
4(136 145 146 137)
4(145 154 155 146)
4(154 163 164 155)
4(163 172 173 164)
4(172 181 182 173)
4(181 190 191 182)
4(190 199 200 191)
4(199 208 209 200)
4(208 217 218 209)
4(217 226 227 218)
4(226 235 236 227)
4(235 244 245 236)
4(244 253 254 245)
4(253 262 263 254)
4(262 271 272 263)
4(271 280 281 272)
4(280 289 290 281)
4(2 11 12 3)
4(11 20 21 12)
4(20 29 30 21)
4(29 38 39 30)
4(38 47 48 39)
4(47 56 57 48)
4(56 65 66 57)
4(65 74 75 66)
4(74 83 84 75)
4(83 92 93 84)
4(92 101 102 93)
4(101 110 111 102)
4(110 119 120 111)
4(119 128 129 120)
4(128 137 138 129)
4(137 146 147 138)
4(146 155 156 147)
4(155 164 165 156)
4(164 173 174 165)
4(173 182 183 174)
4(182 191 192 183)
4(191 200 201 192)
4(200 209 210 201)
4(209 218 219 210)
4(218 227 228 219)
4(227 236 237 228)
4(236 245 246 237)
4(245 254 255 246)
4(254 263 264 255)
4(263 272 273 264)
4(272 281 282 273)
4(281 290 291 282)
4(3 12 13 4)
4(12 21 22 13)
4(21 30 31 22)
4(30 39 40 31)
4(39 48 49 40)
4(48 57 58 49)
4(57 66 67 58)
4(66 75 76 67)
4(75 84 85 76)
4(84 93 94 85)
4(93 102 103 94)
4(102 111 112 103)
4(111 120 121 112)
4(120 129 130 121)
4(129 138 139 130)
4(138 147 148 139)
4(147 156 157 148)
4(156 165 166 157)
4(165 174 175 166)
4(174 183 184 175)
4(183 192 193 184)
4(192 201 202 193)
4(201 210 211 202)
4(210 219 220 211)
4(219 228 229 220)
4(228 237 238 229)
4(237 246 247 238)
4(246 255 256 247)
4(255 264 265 256)
4(264 273 274 265)
4(273 282 283 274)
4(282 291 292 283)
4(4 13 14 5)
4(13 22 23 14)
4(22 31 32 23)
4(31 40 41 32)
4(40 49 50 41)
4(49 58 59 50)
4(58 67 68 59)
4(67 76 77 68)
4(76 85 86 77)
4(85 94 95 86)
4(94 103 104 95)
4(103 112 113 104)
4(112 121 122 113)
4(121 130 131 122)
4(130 139 140 131)
4(139 148 149 140)
4(148 157 158 149)
4(157 166 167 158)
4(166 175 176 167)
4(175 184 185 176)
4(184 193 194 185)
4(193 202 203 194)
4(202 211 212 203)
4(211 220 221 212)
4(220 229 230 221)
4(229 238 239 230)
4(238 247 248 239)
4(247 256 257 248)
4(256 265 266 257)
4(265 274 275 266)
4(274 283 284 275)
4(283 292 293 284)
4(5 14 15 6)
4(14 23 24 15)
4(23 32 33 24)
4(32 41 42 33)
4(41 50 51 42)
4(50 59 60 51)
4(59 68 69 60)
4(68 77 78 69)
4(77 86 87 78)
4(86 95 96 87)
4(95 104 105 96)
4(104 113 114 105)
4(113 122 123 114)
4(122 131 132 123)
4(131 140 141 132)
4(140 149 150 141)
4(149 158 159 150)
4(158 167 168 159)
4(167 176 177 168)
4(176 185 186 177)
4(185 194 195 186)
4(194 203 204 195)
4(203 212 213 204)
4(212 221 222 213)
4(221 230 231 222)
4(230 239 240 231)
4(239 248 249 240)
4(248 257 258 249)
4(257 266 267 258)
4(266 275 276 267)
4(275 284 285 276)
4(284 293 294 285)
4(6 15 16 7)
4(15 24 25 16)
4(24 33 34 25)
4(33 42 43 34)
4(42 51 52 43)
4(51 60 61 52)
4(60 69 70 61)
4(69 78 79 70)
4(78 87 88 79)
4(87 96 97 88)
4(96 105 106 97)
4(105 114 115 106)
4(114 123 124 115)
4(123 132 133 124)
4(132 141 142 133)
4(141 150 151 142)
4(150 159 160 151)
4(159 168 169 160)
4(168 177 178 169)
4(177 186 187 178)
4(186 195 196 187)
4(195 204 205 196)
4(204 213 214 205)
4(213 222 223 214)
4(222 231 232 223)
4(231 240 241 232)
4(240 249 250 241)
4(249 258 259 250)
4(258 267 268 259)
4(267 276 277 268)
4(276 285 286 277)
4(285 294 295 286)
4(7 16 17 8)
4(16 25 26 17)
4(25 34 35 26)
4(34 43 44 35)
4(43 52 53 44)
4(52 61 62 53)
4(61 70 71 62)
4(70 79 80 71)
4(79 88 89 80)
4(88 97 98 89)
4(97 106 107 98)
4(106 115 116 107)
4(115 124 125 116)
4(124 133 134 125)
4(133 142 143 134)
4(142 151 152 143)
4(151 160 161 152)
4(160 169 170 161)
4(169 178 179 170)
4(178 187 188 179)
4(187 196 197 188)
4(196 205 206 197)
4(205 214 215 206)
4(214 223 224 215)
4(223 232 233 224)
4(232 241 242 233)
4(241 250 251 242)
4(250 259 260 251)
4(259 268 269 260)
4(268 277 278 269)
4(277 286 287 278)
4(286 295 296 287)
4(297 298 307 306)
4(306 307 316 315)
4(315 316 325 324)
4(324 325 334 333)
4(333 334 343 342)
4(342 343 352 351)
4(351 352 361 360)
4(360 361 370 369)
4(369 370 379 378)
4(378 379 388 387)
4(387 388 397 396)
4(396 397 406 405)
4(405 406 415 414)
4(414 415 424 423)
4(423 424 433 432)
4(432 433 442 441)
4(441 442 451 450)
4(450 451 460 459)
4(459 460 469 468)
4(468 469 478 477)
4(477 478 487 486)
4(486 487 496 495)
4(495 496 505 504)
4(504 505 514 513)
4(513 514 523 522)
4(522 523 532 531)
4(531 532 541 540)
4(540 541 550 549)
4(549 550 559 558)
4(558 559 568 567)
4(567 568 577 576)
4(576 577 586 585)
4(298 299 308 307)
4(307 308 317 316)
4(316 317 326 325)
4(325 326 335 334)
4(334 335 344 343)
4(343 344 353 352)
4(352 353 362 361)
4(361 362 371 370)
4(370 371 380 379)
4(379 380 389 388)
4(388 389 398 397)
4(397 398 407 406)
4(406 407 416 415)
4(415 416 425 424)
4(424 425 434 433)
4(433 434 443 442)
4(442 443 452 451)
4(451 452 461 460)
4(460 461 470 469)
4(469 470 479 478)
4(478 479 488 487)
4(487 488 497 496)
4(496 497 506 505)
4(505 506 515 514)
4(514 515 524 523)
4(523 524 533 532)
4(532 533 542 541)
4(541 542 551 550)
4(550 551 560 559)
4(559 560 569 568)
4(568 569 578 577)
4(577 578 587 586)
4(299 300 309 308)
4(308 309 318 317)
4(317 318 327 326)
4(326 327 336 335)
4(335 336 345 344)
4(344 345 354 353)
4(353 354 363 362)
4(362 363 372 371)
4(371 372 381 380)
4(380 381 390 389)
4(389 390 399 398)
4(398 399 408 407)
4(407 408 417 416)
4(416 417 426 425)
4(425 426 435 434)
4(434 435 444 443)
4(443 444 453 452)
4(452 453 462 461)
4(461 462 471 470)
4(470 471 480 479)
4(479 480 489 488)
4(488 489 498 497)
4(497 498 507 506)
4(506 507 516 515)
4(515 516 525 524)
4(524 525 534 533)
4(533 534 543 542)
4(542 543 552 551)
4(551 552 561 560)
4(560 561 570 569)
4(569 570 579 578)
4(578 579 588 587)
4(300 301 310 309)
4(309 310 319 318)
4(318 319 328 327)
4(327 328 337 336)
4(336 337 346 345)
4(345 346 355 354)
4(354 355 364 363)
4(363 364 373 372)
4(372 373 382 381)
4(381 382 391 390)
4(390 391 400 399)
4(399 400 409 408)
4(408 409 418 417)
4(417 418 427 426)
4(426 427 436 435)
4(435 436 445 444)
4(444 445 454 453)
4(453 454 463 462)
4(462 463 472 471)
4(471 472 481 480)
4(480 481 490 489)
4(489 490 499 498)
4(498 499 508 507)
4(507 508 517 516)
4(516 517 526 525)
4(525 526 535 534)
4(534 535 544 543)
4(543 544 553 552)
4(552 553 562 561)
4(561 562 571 570)
4(570 571 580 579)
4(579 580 589 588)
4(301 302 311 310)
4(310 311 320 319)
4(319 320 329 328)
4(328 329 338 337)
4(337 338 347 346)
4(346 347 356 355)
4(355 356 365 364)
4(364 365 374 373)
4(373 374 383 382)
4(382 383 392 391)
4(391 392 401 400)
4(400 401 410 409)
4(409 410 419 418)
4(418 419 428 427)
4(427 428 437 436)
4(436 437 446 445)
4(445 446 455 454)
4(454 455 464 463)
4(463 464 473 472)
4(472 473 482 481)
4(481 482 491 490)
4(490 491 500 499)
4(499 500 509 508)
4(508 509 518 517)
4(517 518 527 526)
4(526 527 536 535)
4(535 536 545 544)
4(544 545 554 553)
4(553 554 563 562)
4(562 563 572 571)
4(571 572 581 580)
4(580 581 590 589)
4(302 303 312 311)
4(311 312 321 320)
4(320 321 330 329)
4(329 330 339 338)
4(338 339 348 347)
4(347 348 357 356)
4(356 357 366 365)
4(365 366 375 374)
4(374 375 384 383)
4(383 384 393 392)
4(392 393 402 401)
4(401 402 411 410)
4(410 411 420 419)
4(419 420 429 428)
4(428 429 438 437)
4(437 438 447 446)
4(446 447 456 455)
4(455 456 465 464)
4(464 465 474 473)
4(473 474 483 482)
4(482 483 492 491)
4(491 492 501 500)
4(500 501 510 509)
4(509 510 519 518)
4(518 519 528 527)
4(527 528 537 536)
4(536 537 546 545)
4(545 546 555 554)
4(554 555 564 563)
4(563 564 573 572)
4(572 573 582 581)
4(581 582 591 590)
4(303 304 313 312)
4(312 313 322 321)
4(321 322 331 330)
4(330 331 340 339)
4(339 340 349 348)
4(348 349 358 357)
4(357 358 367 366)
4(366 367 376 375)
4(375 376 385 384)
4(384 385 394 393)
4(393 394 403 402)
4(402 403 412 411)
4(411 412 421 420)
4(420 421 430 429)
4(429 430 439 438)
4(438 439 448 447)
4(447 448 457 456)
4(456 457 466 465)
4(465 466 475 474)
4(474 475 484 483)
4(483 484 493 492)
4(492 493 502 501)
4(501 502 511 510)
4(510 511 520 519)
4(519 520 529 528)
4(528 529 538 537)
4(537 538 547 546)
4(546 547 556 555)
4(555 556 565 564)
4(564 565 574 573)
4(573 574 583 582)
4(582 583 592 591)
4(304 305 314 313)
4(313 314 323 322)
4(322 323 332 331)
4(331 332 341 340)
4(340 341 350 349)
4(349 350 359 358)
4(358 359 368 367)
4(367 368 377 376)
4(376 377 386 385)
4(385 386 395 394)
4(394 395 404 403)
4(403 404 413 412)
4(412 413 422 421)
4(421 422 431 430)
4(430 431 440 439)
4(439 440 449 448)
4(448 449 458 457)
4(457 458 467 466)
4(466 467 476 475)
4(475 476 485 484)
4(484 485 494 493)
4(493 494 503 502)
4(502 503 512 511)
4(511 512 521 520)
4(520 521 530 529)
4(529 530 539 538)
4(538 539 548 547)
4(547 548 557 556)
4(556 557 566 565)
4(565 566 575 574)
4(574 575 584 583)
4(583 584 593 592)
)


// ************************************************************************* //
