/*--------------------------------*- C++ -*----------------------------------*\
  =========                 |
  \\      /  F ield         | OpenFOAM: The Open Source CFD Toolbox
   \\    /   O peration     | Website:  https://openfoam.org
    \\  /    A nd           | Version:  9
     \\/     M anipulation  |
\*---------------------------------------------------------------------------*/
FoamFile
{
    format      ascii;
    class       labelList;
    note        "nPoints:594  nCells:256  nFaces:1064  nInternalFaces:472";
    location    "constant/polyMesh";
    object      neighbour;
}
// * * * * * * * * * * * * * * * * * * * * * * * * * * * * * * * * * * * * * //


472
(
1
8
2
9
3
10
4
11
5
12
6
13
7
14
15
9
16
10
17
11
18
12
19
13
20
14
21
15
22
23
17
24
18
25
19
26
20
27
21
28
22
29
23
30
31
25
32
26
33
27
34
28
35
29
36
30
37
31
38
39
33
40
34
41
35
42
36
43
37
44
38
45
39
46
47
41
48
42
49
43
50
44
51
45
52
46
53
47
54
55
49
56
50
57
51
58
52
59
53
60
54
61
55
62
63
57
64
58
65
59
66
60
67
61
68
62
69
63
70
71
65
72
66
73
67
74
68
75
69
76
70
77
71
78
79
73
80
74
81
75
82
76
83
77
84
78
85
79
86
87
81
88
82
89
83
90
84
91
85
92
86
93
87
94
95
89
96
90
97
91
98
92
99
93
100
94
101
95
102
103
97
104
98
105
99
106
100
107
101
108
102
109
103
110
111
105
112
106
113
107
114
108
115
109
116
110
117
111
118
119
113
120
114
121
115
122
116
123
117
124
118
125
119
126
127
121
128
122
129
123
130
124
131
125
132
126
133
127
134
135
129
136
130
137
131
138
132
139
133
140
134
141
135
142
143
137
144
138
145
139
146
140
147
141
148
142
149
143
150
151
145
152
146
153
147
154
148
155
149
156
150
157
151
158
159
153
160
154
161
155
162
156
163
157
164
158
165
159
166
167
161
168
162
169
163
170
164
171
165
172
166
173
167
174
175
169
176
170
177
171
178
172
179
173
180
174
181
175
182
183
177
184
178
185
179
186
180
187
181
188
182
189
183
190
191
185
192
186
193
187
194
188
195
189
196
190
197
191
198
199
193
200
194
201
195
202
196
203
197
204
198
205
199
206
207
201
208
202
209
203
210
204
211
205
212
206
213
207
214
215
209
216
210
217
211
218
212
219
213
220
214
221
215
222
223
217
224
218
225
219
226
220
227
221
228
222
229
223
230
231
225
232
226
233
227
234
228
235
229
236
230
237
231
238
239
233
240
234
241
235
242
236
243
237
244
238
245
239
246
247
241
248
242
249
243
250
244
251
245
252
246
253
247
254
255
249
250
251
252
253
254
255
)


// ************************************************************************* //
