/*--------------------------------*- C++ -*----------------------------------*\
  =========                 |
  \\      /  F ield         | OpenFOAM: The Open Source CFD Toolbox
   \\    /   O peration     | Website:  https://openfoam.org
    \\  /    A nd           | Version:  9
     \\/     M anipulation  |
\*---------------------------------------------------------------------------*/
FoamFile
{
    format      ascii;
    class       labelList;
    note        "nPoints:594  nCells:256  nFaces:1064  nInternalFaces:472";
    location    "constant/polyMesh";
    object      owner;
}
// * * * * * * * * * * * * * * * * * * * * * * * * * * * * * * * * * * * * * //


1064
(
0
0
1
1
2
2
3
3
4
4
5
5
6
6
7
8
8
9
9
10
10
11
11
12
12
13
13
14
14
15
16
16
17
17
18
18
19
19
20
20
21
21
22
22
23
24
24
25
25
26
26
27
27
28
28
29
29
30
30
31
32
32
33
33
34
34
35
35
36
36
37
37
38
38
39
40
40
41
41
42
42
43
43
44
44
45
45
46
46
47
48
48
49
49
50
50
51
51
52
52
53
53
54
54
55
56
56
57
57
58
58
59
59
60
60
61
61
62
62
63
64
64
65
65
66
66
67
67
68
68
69
69
70
70
71
72
72
73
73
74
74
75
75
76
76
77
77
78
78
79
80
80
81
81
82
82
83
83
84
84
85
85
86
86
87
88
88
89
89
90
90
91
91
92
92
93
93
94
94
95
96
96
97
97
98
98
99
99
100
100
101
101
102
102
103
104
104
105
105
106
106
107
107
108
108
109
109
110
110
111
112
112
113
113
114
114
115
115
116
116
117
117
118
118
119
120
120
121
121
122
122
123
123
124
124
125
125
126
126
127
128
128
129
129
130
130
131
131
132
132
133
133
134
134
135
136
136
137
137
138
138
139
139
140
140
141
141
142
142
143
144
144
145
145
146
146
147
147
148
148
149
149
150
150
151
152
152
153
153
154
154
155
155
156
156
157
157
158
158
159
160
160
161
161
162
162
163
163
164
164
165
165
166
166
167
168
168
169
169
170
170
171
171
172
172
173
173
174
174
175
176
176
177
177
178
178
179
179
180
180
181
181
182
182
183
184
184
185
185
186
186
187
187
188
188
189
189
190
190
191
192
192
193
193
194
194
195
195
196
196
197
197
198
198
199
200
200
201
201
202
202
203
203
204
204
205
205
206
206
207
208
208
209
209
210
210
211
211
212
212
213
213
214
214
215
216
216
217
217
218
218
219
219
220
220
221
221
222
222
223
224
224
225
225
226
226
227
227
228
228
229
229
230
230
231
232
232
233
233
234
234
235
235
236
236
237
237
238
238
239
240
240
241
241
242
242
243
243
244
244
245
245
246
246
247
248
249
250
251
252
253
254
0
8
16
24
32
40
48
56
64
72
80
88
96
104
112
120
128
136
144
152
160
168
176
184
192
200
208
216
224
232
240
248
7
15
23
31
39
47
55
63
71
79
87
95
103
111
119
127
135
143
151
159
167
175
183
191
199
207
215
223
231
239
247
255
0
1
2
3
4
5
6
7
248
249
250
251
252
253
254
255
0
8
16
24
32
40
48
56
64
72
80
88
96
104
112
120
128
136
144
152
160
168
176
184
192
200
208
216
224
232
240
248
1
9
17
25
33
41
49
57
65
73
81
89
97
105
113
121
129
137
145
153
161
169
177
185
193
201
209
217
225
233
241
249
2
10
18
26
34
42
50
58
66
74
82
90
98
106
114
122
130
138
146
154
162
170
178
186
194
202
210
218
226
234
242
250
3
11
19
27
35
43
51
59
67
75
83
91
99
107
115
123
131
139
147
155
163
171
179
187
195
203
211
219
227
235
243
251
4
12
20
28
36
44
52
60
68
76
84
92
100
108
116
124
132
140
148
156
164
172
180
188
196
204
212
220
228
236
244
252
5
13
21
29
37
45
53
61
69
77
85
93
101
109
117
125
133
141
149
157
165
173
181
189
197
205
213
221
229
237
245
253
6
14
22
30
38
46
54
62
70
78
86
94
102
110
118
126
134
142
150
158
166
174
182
190
198
206
214
222
230
238
246
254
7
15
23
31
39
47
55
63
71
79
87
95
103
111
119
127
135
143
151
159
167
175
183
191
199
207
215
223
231
239
247
255
0
8
16
24
32
40
48
56
64
72
80
88
96
104
112
120
128
136
144
152
160
168
176
184
192
200
208
216
224
232
240
248
1
9
17
25
33
41
49
57
65
73
81
89
97
105
113
121
129
137
145
153
161
169
177
185
193
201
209
217
225
233
241
249
2
10
18
26
34
42
50
58
66
74
82
90
98
106
114
122
130
138
146
154
162
170
178
186
194
202
210
218
226
234
242
250
3
11
19
27
35
43
51
59
67
75
83
91
99
107
115
123
131
139
147
155
163
171
179
187
195
203
211
219
227
235
243
251
4
12
20
28
36
44
52
60
68
76
84
92
100
108
116
124
132
140
148
156
164
172
180
188
196
204
212
220
228
236
244
252
5
13
21
29
37
45
53
61
69
77
85
93
101
109
117
125
133
141
149
157
165
173
181
189
197
205
213
221
229
237
245
253
6
14
22
30
38
46
54
62
70
78
86
94
102
110
118
126
134
142
150
158
166
174
182
190
198
206
214
222
230
238
246
254
7
15
23
31
39
47
55
63
71
79
87
95
103
111
119
127
135
143
151
159
167
175
183
191
199
207
215
223
231
239
247
255
)


// ************************************************************************* //
